The first line is mean vector, the rest are inversed covariance matrix.
28.9637447752,-104.070043699,23.7335307156,7.23482267258,25.4890145662,-4.10342051932,-27.6133166561,3.15128815706,-2.02464091197,1.81535275491,8.64604749842,14.0192982901
0.25595547064,0.0114317111981,-0.0113294001989,-0.00851913765901,0.0139761429136,-0.00498352071891,0.00133006583693,0.020694475779,-0.0209891389378,0.010829091142,-0.00661687275,-0.00482692788967
0.0114317111981,0.00222034751854,-0.00110597689746,-0.000943862535397,0.000653056836824,-0.000931575679693,-0.00035883657175,0.00102760663146,-0.0012701236115,0.0015887876625,-0.00037076210339,-0.000154095645587
-0.0113294001989,-0.00110597689746,0.00263786532515,0.00040480565676,-0.00133164188651,0.000536311850133,-9.15369178141e-05,0.000210224734737,0.000692813848136,-0.00038599961486,-0.000384646590146,0.000839514696594
-0.00851913765901,-0.000943862535397,0.00040480565676,0.00193903271998,-0.000849136204632,0.000410009265867,0.0002209210895,-0.00140368846539,0.000257253071776,-3.79820912555e-05,0.00131053029498,0.000191084047264
0.0139761429136,0.000653056836824,-0.00133164188651,-0.000849136204632,0.00370329346078,-0.00073398225311,0.00063266006866,-0.000118106743125,-0.00212228548233,-0.00115000586209,-4.43192535514e-05,-0.000539154772129
-0.00498352071891,-0.000931575679693,0.000536311850133,0.000410009265867,-0.00073398225311,0.00297861081988,-0.000243707854009,-0.000313151987216,0.000951961698572,-0.00206300519656,-0.000529852657824,-0.000110078061517
0.00133006583693,-0.00035883657175,-9.15369178141e-05,0.0002209210895,0.00063266006866,-0.000243707854009,0.00296208022672,1.0780045314e-05,0.000215661367246,-0.000459253010762,0.000443346341681,0.000647593515415
0.020694475779,0.00102760663146,0.000210224734737,-0.00140368846539,-0.000118106743125,-0.000313151987216,1.0780045314e-05,0.0072880252319,-0.000651512632023,0.00111795683707,-0.000999578994024,0.000270205516902
-0.0209891389378,-0.0012701236115,0.000692813848136,0.000257253071776,-0.00212228548233,0.000951961698572,0.000215661367246,-0.000651512632023,0.00492800967112,-0.0020032969461,6.96915648043e-05,0.000520742126859
0.010829091142,0.0015887876625,-0.00038599961486,-3.79820912555e-05,-0.00115000586209,-0.00206300519656,-0.000459253010762,0.00111795683707,-0.0020032969461,0.00948183359628,-6.23208487727e-05,0.00128275320351
-0.00661687275,-0.00037076210339,-0.000384646590146,0.00131053029498,-4.43192535514e-05,-0.000529852657824,0.000443346341681,-0.000999578994024,6.96915648043e-05,-6.23208487727e-05,0.00777529874847,-0.0010067624322
-0.00482692788967,-0.000154095645587,0.000839514696594,0.000191084047264,-0.000539154772129,-0.000110078061517,0.000647593515415,0.000270205516902,0.000520742126859,0.00128275320351,-0.0010067624322,0.0032160523052
