The first line is mean vector, the rest are inversed covariance matrix.
23.3898786127,-143.714078998,19.1642543353,-13.4122813102,52.6636801541,-24.8629691715,-12.8641001927,8.02489980732,-35.5650327553,-7.0356416185,3.93074373796,-4.37965317919
1.52440655169,0.0943353961043,-0.0385622728431,-0.0614322293013,0.0757219156583,-0.0424598973966,-0.00286718762932,0.0802658123851,-0.0882785992693,0.0457145595923,-0.0637235159817,-0.0208583127208
0.0943353961043,0.00692512810607,-0.0022429332924,-0.00417137663725,0.00416864524256,-0.00281786852802,-6.06970470846e-05,0.00490386376412,-0.00538706627087,0.00197019512226,-0.0041992218491,-0.00174512434266
-0.0385622728431,-0.0022429332924,0.00308482818089,-0.00122517941439,-0.0019229346876,0.000610914087015,-0.000386227011167,0.000581814044428,0.00251701932322,-0.000752970895999,-0.00174511214864,0.00183379256595
-0.0614322293013,-0.00417137663725,-0.00122517941439,0.00885336642265,-0.00277839031938,0.00023121698145,0.000596382494393,-0.00908492969128,0.00169881094166,0.000844076131455,0.00824910330134,0.00024788625322
0.0757219156583,0.00416864524256,-0.0019229346876,-0.00277839031938,0.00535876967898,-0.000724146575977,0.000111985023141,0.00296009559626,-0.00402868844559,0.000612792805997,-0.00280686584153,-0.000547809714417
-0.0424598973966,-0.00281786852802,0.000610914087015,0.00023121698145,-0.000724146575977,0.00831107402382,0.00134243048899,-0.00108595711742,0.00424609459444,-0.00750885767535,0.00144375541094,0.000486403613027
-0.00286718762932,-6.06970470846e-05,-0.000386227011167,0.000596382494393,0.000111985023141,0.00134243048899,0.00233842366995,-0.00100444849092,0.000378495517348,-0.00201531187631,0.00097721047282,-0.000337591647346
0.0802658123851,0.00490386376412,0.000581814044428,-0.00908492969128,0.00296009559626,-0.00108595711742,-0.00100444849092,0.0183199390418,-0.00187126912617,0.00202289727837,-0.0025157198013,-0.000600553035092
-0.0882785992693,-0.00538706627087,0.00251701932322,0.00169881094166,-0.00402868844559,0.00424609459444,0.000378495517348,-0.00187126912617,0.00785725467832,-0.00660377309619,0.00455126076321,0.00113861004832
0.0457145595924,0.00197019512226,-0.000752970895999,0.000844076131455,0.000612792805997,-0.00750885767535,-0.00201531187631,0.00202289727837,-0.00660377309619,0.0184308055154,-0.00194369102497,0.00172755668234
-0.0637235159817,-0.0041992218491,-0.00174511214864,0.00824910330134,-0.00280686584153,0.00144375541094,0.00097721047282,-0.0025157198013,0.00455126076321,-0.00194369102497,0.0261200875091,-0.00204260395656
-0.0208583127208,-0.00174512434266,0.00183379256595,0.00024788625322,-0.000547809714417,0.000486403613027,-0.000337591647346,-0.000600553035092,0.00113861004832,0.00172755668234,-0.00204260395656,0.00427846835571
