The first line is mean vector, the rest are inversed covariance matrix.
26.0228649722,-113.561255759,48.7842581414,3.94527084988,45.2790095314,-14.5778808578,-0.72578395552,9.76550119142,-8.72308816521,1.47703335981,-1.40925019857,-2.30762827641
0.152805506166,0.00599356655983,-0.00649044606029,-0.00279986346478,0.00950742231767,-0.00656034759728,0.00466758776875,0.00529642312666,-0.0114514516274,0.0084848758618,-0.00278239562508,-0.00517603498069
0.00599356655983,0.00107764629313,-0.000442489303754,-0.000142215636094,0.000566220351787,-0.000361373697922,0.000129465705008,-2.63224709986e-05,-0.000555433871656,0.000146070279077,0.000306164591598,-0.000458686843729
-0.00649044606029,-0.000442489303754,0.00166189841527,-0.00052580268171,-0.000639292252704,-0.000527353791271,-0.00100364218406,0.000936554733173,-5.88538744113e-05,0.000520920576768,-0.00113879607235,0.000322852092717
-0.00279986346478,-0.000142215636094,-0.00052580268171,0.00191546868394,9.17200678085e-05,0.00120168278626,0.000313528151895,-0.00180831495074,-0.000255726753332,-0.000361724573513,0.0012989145514,-0.000353734626705
0.00950742231767,0.000566220351787,-0.000639292252704,9.17200678085e-05,0.00216010109129,0.000227416362945,0.000597745133436,-0.000651156105531,-8.79207578234e-05,-0.000649888413743,-0.000185957268849,0.000548324311623
-0.00656034759728,-0.000361373697922,-0.000527353791271,0.00120168278626,0.000227416362945,0.00391402801841,0.000481138620503,-0.000552500950398,0.000322154405753,-0.00235255274538,0.00181669115532,-0.000693551723815
0.00466758776875,0.000129465705008,-0.00100364218406,0.000313528151895,0.000597745133436,0.000481138620503,0.00277844576795,-0.00153069606081,-0.000100080281029,-0.00166425971901,0.00092690896411,-0.000955042794331
0.00529642312666,-2.63224709986e-05,0.000936554733173,-0.00180831495074,-0.000651156105531,-0.000552500950398,-0.00153069606081,0.00642392718656,-7.51255389315e-05,0.00189614292976,-0.00118056237483,0.000718023719044
-0.0114514516274,-0.000555433871656,-5.88538744113e-05,-0.000255726753332,-8.79207578234e-05,0.000322154405753,-0.000100080281029,-7.51255389315e-05,0.00485897309624,-0.00117857357908,0.00132448091826,0.00120355201496
0.0084848758618,0.000146070279077,0.000520920576768,-0.000361724573513,-0.000649888413743,-0.00235255274538,-0.00166425971901,0.00189614292976,-0.00117857357908,0.00916462061562,-0.00114001530658,0.0011626861747
-0.00278239562508,0.000306164591598,-0.00113879607235,0.0012989145514,-0.000185957268849,0.00181669115532,0.00092690896411,-0.00118056237483,0.00132448091826,-0.00114001530658,0.010315233686,-0.00105124807329
-0.00517603498069,-0.000458686843729,0.000322852092717,-0.000353734626705,0.000548324311623,-0.000693551723815,-0.000955042794331,0.000718023719044,0.00120355201496,0.0011626861747,-0.00105124807329,0.00348474876237
