The first line is mean vector, the rest are inversed covariance matrix.
27.211499336,-139.233166003,40.7885869854,-0.387865869854,50.1042536521,-10.5165059761,-16.483752988,11.9554966799,-7.15240106242,7.61924701195,-2.54668393094,-24.520436919
0.19018418756,0.00719970650604,-0.00788000541202,-0.00535611521137,0.0105773058598,-0.00781610011222,0.00255876774485,0.00511712306378,-0.0163570891483,0.00704927242167,-0.00761023050629,-0.00236154448309
0.00719970650604,0.000830831206432,-0.000336570144839,1.76625034384e-05,0.00056216518712,-0.000354627181992,0.000105724862633,5.67749243088e-05,-0.000913361454802,0.000251481518545,4.3555990283e-05,-0.000167570088756
-0.00788000541202,-0.000336570144839,0.00145405576194,-0.000232935808702,-0.000180999947146,-6.90746643385e-05,-0.000506141294522,0.00041018100359,4.30101887377e-05,-0.00027123253749,-0.000594581278374,0.000756818230899
-0.00535611521137,1.76625034384e-05,-0.000232935808702,0.00154686523395,-8.62079107032e-05,0.000630217159506,0.000111257454405,-0.0016973582461,6.11208562728e-06,-0.000214914714165,0.00100876746348,-0.000206281659421
0.0105773058598,0.00056216518712,-0.000180999947146,-8.62079107032e-05,0.00214846367236,-7.00597274428e-05,-1.0215387207e-05,-0.000206251524358,-0.000823336014931,-0.00063334304404,-0.000476127021489,0.000630798321025
-0.00781610011222,-0.000354627181992,-6.90746643385e-05,0.000630217159506,-7.00597274428e-05,0.00240724764011,2.60280914897e-05,-0.000320746771522,0.0008225798085,-0.00148882349148,0.000807803660294,-0.000295556198495
0.00255876774485,0.000105724862633,-0.000506141294522,0.000111257454405,-1.0215387207e-05,2.60280914897e-05,0.00131116306758,-0.00070130804545,-0.000181669334735,-0.000921488371276,-5.24104810075e-05,-0.000529933224278
0.00511712306378,5.67749243088e-05,0.00041018100359,-0.0016973582461,-0.000206251524358,-0.000320746771522,-0.00070130804545,0.00499042656113,5.07528686876e-05,0.000954579562702,-0.000492512805614,0.000434425813414
-0.0163570891483,-0.000913361454802,4.30101887377e-05,6.11208562728e-06,-0.000823336014931,0.0008225798085,-0.000181669334735,5.07528686876e-05,0.00397122006374,-0.0011226169696,0.00114005838953,0.000404531673794
0.00704927242167,0.000251481518545,-0.00027123253749,-0.000214914714165,-0.00063334304404,-0.00148882349148,-0.000921488371276,0.000954579562702,-0.0011226169696,0.00611576348276,-0.000245469725089,0.000510117946641
-0.00761023050629,4.3555990283e-05,-0.000594581278374,0.00100876746348,-0.000476127021489,0.000807803660294,-5.24104810075e-05,-0.000492512805614,0.00114005838953,-0.000245469725089,0.00608191562284,-0.000598034536213
-0.00236154448309,-0.000167570088756,0.000756818230899,-0.000206281659421,0.000630798321025,-0.000295556198495,-0.000529933224278,0.000434425813414,0.000404531673794,0.000510117946641,-0.000598034536213,0.0028734244633
