The first line is mean vector, the rest are inversed covariance matrix.
22.7388477801,-144.421414376,20.4259556025,-4.91708879493,62.8387758985,-27.067845666,-4.18958985201,15.3193551797,-33.7522452431,-3.08661733615,3.02063213531,-11.1758964059
0.907804224024,0.0559482274551,-0.0141435009904,-0.0442132210696,0.0415576891122,-0.0420596127408,-0.00375668269405,0.060250424616,-0.0508754690317,0.0353134746503,-0.0170299723784,-0.0097208030224
0.0559482274551,0.00414342936742,-0.000619969565149,-0.00324433342168,0.00240832580648,-0.00249461597791,-0.000290899178241,0.00392175563269,-0.00291917961901,0.00184541288771,-0.00183722820235,-0.000902513624085
-0.0141435009904,-0.000619969565149,0.00175175946501,-0.00113009948863,-0.00114754132668,-9.02143233537e-05,-0.000771256836426,0.000912038620255,0.00105883064253,0.000644400383278,-0.000942730681648,0.000549926835216
-0.0442132210696,-0.00324433342168,-0.00113009948863,0.00624590101564,-0.00152138481299,0.00111317864747,0.000806929573106,-0.00692753966744,0.000906754081965,0.000174801753002,0.00274190001506,0.000500145570242
0.0415576891122,0.00240832580648,-0.00114754132668,-0.00152138481299,0.0030708246675,-0.000347024561613,0.000361402512351,0.00161921960642,-0.00212404322096,-0.00112429520989,-0.00086780160381,-0.000317929812914
-0.0420596127408,-0.00249461597791,-9.02143233537e-05,0.00111317864747,-0.000347024561613,0.0089741503954,0.00155696971475,-0.00210976072965,0.00385094935453,-0.0090229825634,-0.00146893340474,-0.000116941445919
-0.00375668269405,-0.000290899178241,-0.000771256836426,0.000806929573106,0.000361402512351,0.00155696971475,0.00200281154074,-0.00154872276435,0.000688655683739,-0.00246522106261,0.000242661901842,-0.000625875526269
0.060250424616,0.00392175563269,0.000912038620255,-0.00692753966744,0.00161921960642,-0.00210976072965,-0.00154872276435,0.0120719806722,-0.00180459829082,0.00340940720596,-0.000708225581651,-0.00087931061799
-0.0508754690317,-0.00291917961901,0.00105883064253,0.000906754081965,-0.00212404322096,0.00385094935453,0.000688655683739,-0.00180459829082,0.00616057304998,-0.00626905444565,0.00072117055353,0.000502155974487
0.0353134746503,0.00184541288771,0.000644400383278,0.000174801753002,-0.00112429520989,-0.0090229825634,-0.00246522106261,0.00340940720596,-0.00626905444565,0.0221917500194,0.0019461371498,0.000831999677959
-0.0170299723784,-0.00183722820235,-0.000942730681648,0.00274190001506,-0.00086780160381,-0.00146893340474,0.000242661901842,-0.000708225581651,0.00072117055353,0.0019461371498,0.0149742263193,-0.00111947474847
-0.0097208030224,-0.000902513624085,0.000549926835216,0.000500145570242,-0.000317929812914,-0.000116941445919,-0.000625875526269,-0.00087931061799,0.000502155974487,0.000831999677959,-0.00111947474847,0.00292260460964
