The first line is mean vector, the rest are inversed covariance matrix.
32.6852929936,-44.209589172,87.8032643312,5.46446656051,16.3179888535,-0.892984076433,-12.7048423567,-3.6032133758,-15.4262834395,-5.21316878981,-2.95100636943,6.85833917197
0.0481870735654,0.00209756210326,4.52448383835e-05,-0.000767071847784,0.00270205636924,0.00104925294101,-0.000549562392238,0.00623095927805,-0.00853548421762,0.0026386535763,-0.00498396007039,-0.00644473957278
0.00209756210326,0.00128752997613,-0.000673556982937,-0.000307225249629,-3.06073089319e-05,6.18432110155e-05,-0.00050228076572,0.000762512504123,-0.00146921570482,2.31181466485e-05,-0.000182500456756,0.000361008557669
4.52448383835e-05,-0.000673556982937,0.00138527308434,-0.00069414382534,1.39717431432e-05,-0.000869999126226,-0.000198941421214,0.000105869253062,0.0010049178173,-3.09330475359e-05,-0.00172396688565,-0.000348453197352
-0.000767071847784,-0.000307225249629,-0.00069414382534,0.00225038314325,0.000540234450718,0.00118632259991,0.0008792474459,-0.00139693693213,0.000371701615075,0.000562983684576,0.00237951789918,-0.000477114875447
0.00270205636924,-3.06073089319e-05,1.39717431432e-05,0.000540234450718,0.00370192734479,-0.00017169643873,0.000906678875455,-0.000154365551521,0.000367857327155,0.000618135709908,0.000319142896682,-0.00064552122696
0.00104925294101,6.18432110155e-05,-0.000869999126226,0.00118632259991,-0.00017169643873,0.00386649056333,0.000207843258886,0.00081255730358,-0.000643486517687,0.000679610541977,0.00327119512882,-0.000437281660469
-0.000549562392238,-0.00050228076572,-0.000198941421214,0.0008792474459,0.000906678875455,0.000207843258886,0.00361967609127,-0.00121950958451,0.00103592180304,-0.000923257506092,0.00116703834959,-0.0014723374018
0.00623095927805,0.000762512504123,0.000105869253062,-0.00139693693213,-0.000154365551521,0.00081255730358,-0.00121950958451,0.00809497753017,-0.00149134952394,0.00295569292417,-0.00143817043964,-0.000249214912353
-0.00853548421762,-0.00146921570482,0.0010049178173,0.000371701615075,0.000367857327155,-0.000643486517687,0.00103592180304,-0.00149134952394,0.00726150103346,-0.00089761393747,0.000753037872776,0.00186623740229
0.0026386535763,2.31181466485e-05,-3.09330475359e-05,0.000562983684576,0.000618135709908,0.000679610541977,-0.000923257506092,0.00295569292417,-0.00089761393747,0.0105965714159,0.00144562257978,0.000893112138335
-0.00498396007039,-0.000182500456756,-0.00172396688565,0.00237951789918,0.000319142896682,0.00327119512882,0.00116703834959,-0.00143817043964,0.000753037872776,0.00144562257978,0.0114159921294,-0.000700922875591
-0.00644473957278,0.000361008557669,-0.000348453197352,-0.000477114875447,-0.00064552122696,-0.000437281660469,-0.0014723374018,-0.000249214912353,0.00186623740229,0.000893112138335,-0.000700922875591,0.00705470548674
