The first line is mean vector, the rest are inversed covariance matrix.
30.5805567797,25.0800008475,72.2693830508,-3.71861610169,-11.1837194915,-16.9983923729,-22.9013635593,-6.03116525424,15.5856805085,4.91873050847,-2.9474,-8.25674576271
0.0929759841443,-0.00352500103207,-0.00237875357848,-0.00270827683174,0.00207644533139,0.0043792725101,0.00321344030908,0.000720414062544,-0.00405710795138,0.00128968481731,-0.00219768203149,-0.0047707693642
-0.00352500103207,0.000867654292352,-0.000282540001543,3.63816745472e-05,-0.000414458295027,-0.00030573723546,-0.000491487584307,0.000124855029358,-0.0004643350965,-0.000242110333149,0.00055709552291,0.000687973564688
-0.00237875357848,-0.000282540001543,0.00269846993386,-0.0019220991166,-0.000906776861894,-0.00339700437958,-9.53565119263e-05,-0.000160408159761,0.000137555986677,-0.0016830781123,-0.00434938675008,0.000564275743631
-0.00270827683174,3.63816745472e-05,-0.0019220991166,0.00492443857547,0.000223984880384,0.00429229934918,0.000964589896766,-0.000165216154392,0.000105405893296,0.0024069543102,0.00795346381287,-0.00148125954812
0.00207644533139,-0.000414458295027,-0.000906776861894,0.000223984880384,0.00318881486083,0.00170077097193,0.000267576869676,0.000474680468588,0.000664940457879,0.000884616223652,0.000301272219736,-0.00113704611264
0.0043792725101,-0.00030573723546,-0.00339700437958,0.00429229934918,0.00170077097193,0.0197858704009,0.00243068514294,0.00157315757783,-0.000274919408675,0.00573023025928,0.00992938912294,-0.00149253413389
0.00321344030908,-0.000491487584307,-9.53565119263e-05,0.000964589896766,0.000267576869676,0.00243068514294,0.00313804828549,-0.00106903308627,0.00017085405939,-0.000591808778883,0.00250468619099,-0.00137405189303
0.000720414062544,0.000124855029358,-0.000160408159761,-0.000165216154392,0.000474680468588,0.00157315757783,-0.00106903308627,0.00807259833747,-0.000132861999349,0.00207983973509,-0.000670581788633,0.000127244054778
-0.00405710795138,-0.0004643350965,0.000137555986677,0.000105405893296,0.000664940457879,-0.000274919408675,0.00017085405939,-0.000132861999349,0.00481908487328,-0.00283429347888,0.000307111116659,-0.000694385362432
0.00128968481731,-0.000242110333149,-0.0016830781123,0.0024069543102,0.000884616223652,0.00573023025928,-0.000591808778883,0.00207983973509,-0.00283429347888,0.0170811555381,0.00460399180132,0.000279623212585
-0.00219768203149,0.00055709552291,-0.00434938675008,0.00795346381287,0.000301272219736,0.00992938912294,0.00250468619099,-0.000670581788633,0.000307111116659,0.00460399180132,0.0245582980469,-0.00368870397659
-0.0047707693642,0.000687973564688,0.000564275743631,-0.00148125954812,-0.00113704611264,-0.00149253413389,-0.00137405189303,0.000127244054778,-0.000694385362432,0.000279623212585,-0.00368870397659,0.00481414270219
