The first line is mean vector, the rest are inversed covariance matrix.
36.0972657219,-50.6262320638,25.52514969,-22.3845447298,-17.349976085,-18.502044287,-34.4548255093,-1.65036403897,-11.7074977857,-4.06295925598,4.53018954827,3.61108768822
0.0541721320314,-0.0022712299932,-0.00410455915066,-0.000578400515315,3.15254100083e-06,-0.00330360864924,0.0027673925297,0.00105573075007,-0.00442417589773,0.00242190553289,-0.00255778066284,-0.00178998035342
-0.0022712299932,0.000965956207273,-0.000321194783003,-0.000177836196948,-0.000476220874723,0.000505007053314,-0.000631480003655,0.000320747906291,-0.000570721595305,-0.00012554758463,0.000783329087271,-0.000268419739394
-0.00410455915066,-0.000321194783003,0.00247495003992,-0.00115185356783,0.00118625855185,-0.00253398611682,0.000222727597097,0.000723723691479,-6.32987247107e-05,-0.000218058912059,-0.0020125917511,0.000895912957613
-0.000578400515315,-0.000177836196948,-0.00115185356783,0.00435959195392,0.000346647952439,0.00404724797118,0.00166072084865,-0.00149994439447,-0.000125544611334,0.00185406786161,0.00529083943931,-0.00119071167298
3.15254100082e-06,-0.000476220874723,0.00118625855185,0.000346647952439,0.00363368740869,0.000522148830925,0.00103176295143,0.000461855200138,0.000488252124174,0.000552112570605,0.00026854463912,0.000210243484086
-0.00330360864924,0.000505007053314,-0.00253398611682,0.00404724797118,0.000522148830925,0.0130954696413,0.00176037630239,0.000388320913724,0.000838231809851,0.00101627326928,0.00668317925059,-0.00119324807898
0.0027673925297,-0.000631480003655,0.000222727597097,0.00166072084865,0.00103176295143,0.00176037630239,0.00448603782595,-0.000174502075635,-0.000103936814756,0.000414235306998,0.00327931568186,-0.00107199175262
0.00105573075007,0.000320747906291,0.000723723691479,-0.00149994439447,0.000461855200138,0.000388320913724,-0.000174502075635,0.00820631060549,-0.000558546495541,0.000772535306962,-0.00433295174676,0.00125371155487
-0.00442417589773,-0.000570721595305,-6.32987247107e-05,-0.000125544611334,0.000488252124174,0.000838231809851,-0.000103936814756,-0.000558546495541,0.00709241296087,-0.00276310363304,-0.000747451766053,0.000355824507546
0.00242190553289,-0.00012554758463,-0.000218058912059,0.00185406786161,0.000552112570605,0.00101627326928,0.000414235306998,0.000772535306962,-0.00276310363304,0.0127899287766,0.00349870409557,-0.0003539110739
-0.00255778066284,0.000783329087271,-0.0020125917511,0.00529083943931,0.00026854463912,0.00668317925059,0.00327931568186,-0.00433295174676,-0.000747451766053,0.00349870409557,0.0244665677228,-0.00456852139136
-0.00178998035342,-0.000268419739394,0.000895912957613,-0.00119071167298,0.000210243484086,-0.00119324807898,-0.00107199175262,0.00125371155487,0.000355824507546,-0.0003539110739,-0.00456852139136,0.00702767806959
