The first line is mean vector, the rest are inversed covariance matrix.
39.9014951561,-70.4316609257,55.1388363832,-7.36330355221,-44.8142066738,8.04153606028,-26.4418019376,-4.37020667384,15.2094682454,3.05604736276,-4.65590419806,-6.90499138859
0.112080621094,-0.000523267105685,-0.00106571008149,-0.00233071711575,0.00441847962993,0.000168074052706,-0.00540797842193,0.00869956543438,-0.00616014939109,0.00375875493661,-0.00616126878487,-0.000476725091031
-0.000523267105685,0.000720308968861,-0.000463384488809,-2.51671314626e-05,0.000197503938188,-0.000160874039505,0.000274490406908,0.000290527576271,-1.08866885815e-05,0.000582505289541,8.16396782993e-05,0.00022972381675
-0.00106571008149,-0.000463384488809,0.00205414441131,-0.00033455638939,-0.00122199212154,-0.000465692683209,0.00042663035318,0.000314782693523,0.000242964823451,-0.000550299819109,-0.00111072348724,-0.000528111286848
-0.00233071711575,-2.51671314626e-05,-0.00033455638939,0.00196159662432,-0.000224974119253,0.000666894597222,0.000965170631216,-0.00076016849792,0.0005780754135,-3.73741254469e-05,0.00198556268585,-0.000618723947583
0.00441847962993,0.000197503938188,-0.00122199212154,-0.000224974119253,0.00276346822119,-0.000273094202511,0.000313633511457,0.000231559528178,-0.000686236128019,0.000226017975141,-0.000555426252201,-6.85319898124e-05
0.000168074052706,-0.000160874039505,-0.000465692683209,0.000666894597222,-0.000273094202511,0.00217626238147,6.38778388284e-05,-0.000227384750117,0.000910600080524,-0.000441578347723,0.00132996919385,7.16353628674e-05
-0.00540797842193,0.000274490406908,0.00042663035318,0.000965170631216,0.000313633511457,6.38778388284e-05,0.00281805010724,-0.00107310884416,0.00020791582195,-0.000101632306922,0.00105697193891,-0.00106885027622
0.00869956543438,0.000290527576271,0.000314782693523,-0.00076016849792,0.000231559528178,-0.000227384750117,-0.00107310884416,0.00718648256894,-0.000648807498673,0.000884659250735,-0.00221890209114,-0.000370293203808
-0.00616014939109,-1.08866885815e-05,0.000242964823451,0.0005780754135,-0.000686236128019,0.000910600080524,0.00020791582195,-0.000648807498673,0.00401325028225,-0.00200175401461,0.000706829139086,0.000823503331619
0.00375875493661,0.000582505289541,-0.000550299819109,-3.73741254469e-05,0.000226017975141,-0.000441578347723,-0.000101632306922,0.000884659250735,-0.00200175401461,0.00859212639394,0.000140796140231,-0.000247229689526
-0.00616126878487,8.16396782993e-05,-0.00111072348724,0.00198556268585,-0.000555426252201,0.00132996919385,0.00105697193891,-0.00221890209114,0.000706829139086,0.000140796140231,0.00903581370899,-0.000728498773602
-0.000476725091031,0.00022972381675,-0.000528111286848,-0.000618723947583,-6.85319898124e-05,7.16353628674e-05,-0.00106885027622,-0.000370293203808,0.000823503331619,-0.000247229689526,-0.000728498773602,0.00404153920427
