The first line is mean vector, the rest are inversed covariance matrix.
29.8424911937,-110.038649706,34.2290978474,-19.4099804305,14.6749843444,-18.9466183953,-49.0108845401,-7.2826555773,1.63053816047,-1.44560469667,5.87452446184,1.80658121331
0.127149886265,0.00500951946748,-0.0056215682901,-0.00293053625682,0.00801402398528,-0.00666066230019,0.000993836123335,0.0116341152228,-0.0115035421392,0.0164109289728,-0.00250193412638,-0.000494626432352
0.00500951946748,0.00076127865736,3.66174105046e-05,-0.000135977074575,0.000636843447909,-0.000447146769344,-0.000135045062245,0.000551844888979,-0.000739394830323,0.000282595101155,-1.26190811262e-05,0.000275093216086
-0.0056215682901,3.66174105046e-05,0.00153146204056,-0.000612867857631,-0.000284121346603,-0.000682877835457,-0.000135248257548,-0.000152406811108,-0.000170025728017,-0.000503887378802,-0.00183107824663,0.000395927788407
-0.00293053625682,-0.000135977074575,-0.000612867857631,0.00281576764863,0.000113162342504,0.00179635106887,0.000891268012722,-0.000880012603354,-0.000397022418988,0.00109014746829,0.00412024291998,-0.000455196823389
0.00801402398528,0.000636843447909,-0.000284121346603,0.000113162342504,0.0014010160097,0.000273334303678,8.57912986323e-05,0.000670029921029,-5.35588466803e-05,0.000935604141783,0.000510573702498,0.000345649949257
-0.00666066230019,-0.000447146769344,-0.000682877835457,0.00179635106887,0.000273334303678,0.00766568645284,0.001612678264,-0.000345577189966,0.000783509259015,-0.000218560405451,0.00416574804979,-0.00140861636971
0.000993836123335,-0.000135045062245,-0.000135248257548,0.000891268012722,8.57912986323e-05,0.001612678264,0.00310396097516,-0.000429814619005,-1.56093088101e-05,-0.00045921948558,0.00186148672024,0.00043741292621
0.0116341152228,0.000551844888979,-0.000152406811108,-0.000880012603354,0.000670029921029,-0.000345577189966,-0.000429814619005,0.00775201953247,-0.000741752414545,0.00410015480598,0.00124285103673,-0.000465404012961
-0.0115035421392,-0.000739394830323,-0.000170025728017,-0.000397022418988,-5.35588466803e-05,0.000783509259015,-1.56093088101e-05,-0.000741752414545,0.00703259169177,-0.00369302059075,0.00041673995765,-0.00141786187262
0.0164109289728,0.000282595101155,-0.000503887378802,0.00109014746829,0.000935604141783,-0.000218560405451,-0.00045921948558,0.00410015480598,-0.00369302059075,0.0140164031144,0.00219790609016,-0.0006068491116
-0.00250193412638,-1.26190811262e-05,-0.00183107824663,0.00412024291998,0.000510573702498,0.00416574804979,0.00186148672024,0.00124285103673,0.00041673995765,0.00219790609016,0.0158259506415,-0.00202584218171
-0.000494626432352,0.000275093216086,0.000395927788407,-0.000455196823389,0.000345649949257,-0.00140861636971,0.00043741292621,-0.000465404012961,-0.00141786187262,-0.0006068491116,-0.00202584218171,0.00815321988634
