The first line is mean vector, the rest are inversed covariance matrix.
27.4712313916,-160.133498382,14.5331067961,-8.81049029126,33.2108333333,-14.3859304207,-31.2940938511,-0.240932038835,-18.0476407767,-5.68510355987,7.44028478964,-2.62897411003
0.547496089483,0.0332509494608,-0.0149314118754,-0.0279298730642,0.02491313117,-0.00943077098886,-0.00797751078189,0.0446448430149,-0.0397256802169,0.0105088183486,-0.0108362777385,-0.0115148645399
0.0332509494608,0.00339778749587,-0.000717548352026,-0.00205573538491,0.00109430385875,-0.000560738932457,-0.000178867423696,0.00271716794285,-0.00289560366194,0.00010991911158,-0.0017059823135,-0.000674226035107
-0.0149314118754,-0.000717548352026,0.0021464801557,-7.1806858499e-05,-0.000357535663875,-3.91479494209e-05,0.000609933123646,-0.000540345364307,0.000493508089235,-0.00052530152127,-0.000552087905658,0.000897831057423
-0.0279298730642,-0.00205573538491,-7.1806858499e-05,0.00454307901492,-0.00108312749254,0.000184909455438,0.000683613049417,-0.00287335310649,0.00124008825027,-0.000249617251969,0.00180255757996,0.000417243409479
0.02491313117,0.00109430385875,-0.000357535663875,-0.00108312749254,0.00341596317563,0.000376065471289,-0.000213911769647,0.000856180506241,-0.00169031075163,-0.000340449631962,-0.000862901893738,0.000203823744459
-0.00943077098886,-0.000560738932457,-3.91479494209e-05,0.000184909455438,0.000376065471289,0.00519770510373,0.000837310106837,-0.000166955251833,0.000272564394057,-0.00207347381545,-0.0012147481494,0.000215878462981
-0.00797751078189,-0.000178867423696,0.000609933123646,0.000683613049417,-0.000213911769647,0.000837310106837,0.00375202195988,-0.00119207076544,0.000631036919579,-0.00232065008013,0.00115679599982,0.000442622798372
0.0446448430149,0.00271716794285,-0.000540345364307,-0.00287335310649,0.000856180506241,-0.000166955251833,-0.00119207076544,0.0121240739542,-0.00112412083214,0.000911117662384,0.00201541917663,-0.00156678576044
-0.0397256802169,-0.00289560366194,0.000493508089235,0.00124008825027,-0.00169031075163,0.000272564394057,0.000631036919579,-0.00112412083214,0.00698270140457,-0.0015187492477,0.00216608029008,0.00104569582579
0.0105088183486,0.00010991911158,-0.00052530152127,-0.000249617251969,-0.000340449631962,-0.00207347381545,-0.00232065008013,0.000911117662384,-0.0015187492477,0.0137664534725,-0.000761915401739,0.00185036844696
-0.0108362777385,-0.0017059823135,-0.000552087905658,0.00180255757996,-0.000862901893738,-0.0012147481494,0.00115679599982,0.00201541917663,0.00216608029008,-0.000761915401739,0.0204422497177,-0.00381580056415
-0.0115148645399,-0.000674226035107,0.000897831057423,0.000417243409479,0.000203823744459,0.000215878462981,0.000442622798372,-0.00156678576044,0.00104569582579,0.00185036844696,-0.00381580056415,0.00652366355972
