The first line is mean vector, the rest are inversed covariance matrix.
29.5679457014,-55.193959276,74.533040724,-1.33645248869,15.8695294118,-6.64157466063,-5.27059276018,3.89714932127,-9.9103800905,-2.88630769231,-3.96419457014,7.97181447964
0.0594729198785,0.00235938240499,-0.00265123878954,-0.00234924194093,0.000305361759949,-0.00173976664968,0.000460309915606,0.00320653466002,-0.0159161144615,0.000641712626998,-0.00307224796108,-0.00455614929463
0.00235938240499,0.000724226977297,-0.0003842625413,-0.000271456831141,-0.000384660665999,4.57787459095e-06,-0.000400157113525,0.00010507470494,-0.00121676856815,-0.000709570972737,-0.000223759581511,-1.84163917586e-06
-0.00265123878954,-0.0003842625413,0.00108553259685,-0.000208761453731,0.000390587793028,-0.000457644350687,-0.000138636515828,0.000367834435549,0.000837622942492,0.000381972983132,-0.00128260115105,-7.34142476156e-05
-0.00234924194093,-0.000271456831141,-0.000208761453731,0.00174387879886,0.000609772240063,0.000870550048174,0.000682956977512,-0.00139466460379,0.000653309618493,2.50197679019e-05,0.00263191845506,-0.000637477870279
0.000305361759949,-0.000384660665999,0.000390587793028,0.000609772240063,0.00211449066554,-0.000208093082735,0.000939981475352,-0.000297793031431,0.00134870159174,0.000338294491478,2.57141967024e-05,9.90112448071e-05
-0.00173976664968,4.57787459095e-06,-0.000457644350687,0.000870550048174,-0.000208093082735,0.00209239780761,-0.000254067813867,-0.000712299738015,-0.000610670049093,-0.000212632037138,0.00132822904206,-0.000245144037631
0.000460309915606,-0.000400157113525,-0.000138636515828,0.000682956977512,0.000939981475352,-0.000254067813867,0.00237866155719,-0.000551533632274,0.00103606860985,-0.000554777266771,0.0011296633732,-0.000679750028099
0.00320653466002,0.00010507470494,0.000367834435549,-0.00139466460379,-0.000297793031431,-0.000712299738015,-0.000551533632274,0.00269396776144,-0.000446966422167,0.00147504060251,-0.00211324963037,2.34477578392e-05
-0.0159161144615,-0.00121676856815,0.000837622942492,0.000653309618493,0.00134870159174,-0.000610670049093,0.00103606860985,-0.000446966422167,0.00810267167281,0.000392811955034,0.00117661491336,0.00113662150058
0.000641712626998,-0.000709570972737,0.000381972983132,2.50197679019e-05,0.000338294491478,-0.000212632037138,-0.000554777266771,0.00147504060251,0.000392811955034,0.00940005895529,-0.00168170710948,0.000750061240051
-0.00307224796108,-0.000223759581511,-0.00128260115105,0.00263191845506,2.57141967024e-05,0.00132822904206,0.0011296633732,-0.00211324963037,0.00117661491336,-0.00168170710948,0.0086964273891,-0.00055954202455
-0.00455614929463,-1.84163917586e-06,-7.34142476156e-05,-0.000637477870279,9.90112448071e-05,-0.000245144037631,-0.000679750028099,2.34477578392e-05,0.00113662150058,0.000750061240051,-0.00055954202455,0.00469470914411
