The first line is mean vector, the rest are inversed covariance matrix.
30.9781388889,-187.092455128,70.7317136752,16.5033311966,32.7333055556,-4.37515811966,3.36603418803,7.56883760684,-18.1343311966,2.10206623932,-1.45703205128,-10.7975213675
1.24397360679,0.0674527831154,-0.0432152438115,-0.0486612699822,0.071797552234,-0.0339484664341,0.0148481924362,0.0766269828331,-0.0591260116583,0.0289037709737,-0.00736707978329,-0.0117259723285
0.0674527831154,0.00526268335873,-0.00192276678823,-0.00332330318003,0.0040353838172,-0.00244338233557,0.00042292792122,0.0051428088823,-0.00352976675417,0.00245008219427,-0.00101449017821,-0.000236786800316
-0.0432152438115,-0.00192276678823,0.00493209329796,0.000926390032132,-0.00191351905101,3.0704806832e-06,-0.00144217695152,-0.000609772251058,0.0021164501554,-0.000599512535918,-0.00161847525445,0.00025604032468
-0.0486612699822,-0.00332330318003,0.000926390032132,0.004975758159,-0.00164653617813,0.0019368271624,0.000187012059374,-0.00580075355803,0.00188110685671,-0.000975498381818,0.00196063071642,8.80626167355e-05
0.071797552234,0.0040353838172,-0.00191351905101,-0.00164653617813,0.00769318268128,-0.00119478965613,-0.000164313145434,0.00266452735173,-0.00383140516608,-0.000365287627743,-0.000525847612449,0.000291285022919
-0.0339484664341,-0.00244338233557,3.07048068319e-06,0.0019368271624,-0.00119478965613,0.00533014640992,-0.000322721992561,-0.00200398036947,0.00164160033679,-0.00306876618558,0.000393083421321,0.000868397157289
0.0148481924362,0.00042292792122,-0.00144217695152,0.000187012059374,-0.000164313145434,-0.000322721992561,0.00677850705498,-0.000948625542518,0.00078264341378,-0.00155369625929,0.000678071999816,-0.00219525718718
0.0766269828331,0.0051428088823,-0.000609772251058,-0.00580075355803,0.00266452735173,-0.00200398036947,-0.000948625542518,0.0141611758856,-0.00312541462757,0.00400251300905,-0.000481123538892,-3.3593664489e-05
-0.0591260116583,-0.00352976675417,0.0021164501554,0.00188110685671,-0.00383140516608,0.00164160033679,0.00078264341378,-0.00312541462757,0.00619112404654,-0.00326239788493,0.000270141090029,-0.00035179214554
0.0289037709737,0.00245008219427,-0.000599512535918,-0.000975498381818,-0.000365287627743,-0.00306876618558,-0.00155369625929,0.00400251300905,-0.00326239788493,0.0132528728654,0.000225191478288,8.57992631682e-05
-0.00736707978329,-0.00101449017821,-0.00161847525445,0.00196063071642,-0.000525847612449,0.000393083421321,0.000678071999816,-0.000481123538892,0.000270141090029,0.000225191478288,0.0113848294803,-0.000807701752569
-0.0117259723285,-0.000236786800316,0.00025604032468,8.80626167355e-05,0.000291285022919,0.000868397157289,-0.00219525718718,-3.3593664489e-05,-0.00035179214554,8.57992631682e-05,-0.000807701752569,0.00611279698628
