The first line is mean vector, the rest are inversed covariance matrix.
24.7743818316,-46.4604667651,78.6139091581,3.01531462334,24.4071838996,-16.9706720827,-20.4807813885,3.38963810931,-16.2771861152,-2.14877991137,1.55007754801,-1.29547636632
0.0645344261893,0.00313385467164,-0.00204431636618,-0.00254692722036,0.00301261745158,-0.00368885942259,0.00130343306293,0.00359607670113,-0.00757291011991,0.00388114306981,-0.00500061334151,-0.0032259511697
0.00313385467164,0.000445117639094,-0.000396795773401,5.70436714941e-05,0.000257267483375,0.000110851890876,0.000129790215833,0.000100230465082,-0.000382299716562,-6.49106990271e-05,0.000468986440114,-0.000464037440934
-0.00204431636618,-0.000396795773401,0.00130001692848,-0.00117537390006,-0.000313390504649,-0.0015335001509,-0.000559469644579,0.000597019377171,-0.000297400188727,0.000460595430877,-0.00217122550112,0.000764502115948
-0.00254692722036,5.70436714941e-05,-0.00117537390006,0.00303873400334,1.82904862072e-05,0.00113056293993,0.000389833224067,-0.00157131628747,0.000349348798915,-6.38167162456e-05,0.00398051395554,-0.000542770088691
0.00301261745158,0.000257267483375,-0.000313390504649,1.82904862072e-05,0.000847627797333,0.000649985152618,0.000416506139874,-0.000302978644067,-0.000224273381977,-0.000564976924879,0.000299658358012,-2.50736315065e-05
-0.00368885942259,0.000110851890876,-0.0015335001509,0.00113056293993,0.000649985152618,0.00846343921178,0.00139631090015,7.77550328533e-05,0.00158848668255,-0.00179501133618,0.00383842719861,-0.000930843393849
0.00130343306293,0.000129790215833,-0.000559469644579,0.000389833224067,0.000416506139874,0.00139631090015,0.00149997546409,-0.00120094158905,0.000237749127366,-0.00121703530435,0.00146654114601,-0.000425212536014
0.00359607670113,0.000100230465082,0.000597019377171,-0.00157131628747,-0.000302978644067,7.77550328533e-05,-0.00120094158905,0.00632410325704,-0.000136699395793,0.000461100683702,-0.00192702843677,-5.88387135326e-05
-0.00757291011991,-0.000382299716562,-0.000297400188727,0.000349348798915,-0.000224273381977,0.00158848668255,0.000237749127366,-0.000136699395793,0.00326794877551,-0.00250034991148,0.00155171054063,0.000329647789549
0.00388114306981,-6.49106990271e-05,0.000460595430877,-6.38167162456e-05,-0.000564976924879,-0.00179501133618,-0.00121703530435,0.000461100683702,-0.00250034991148,0.0091717813315,-0.000387024264096,0.000401037630082
-0.00500061334151,0.000468986440114,-0.00217122550112,0.00398051395554,0.000299658358012,0.00383842719861,0.00146654114601,-0.00192702843677,0.00155171054063,-0.000387024264096,0.0149252643752,-0.00209446690158
-0.0032259511697,-0.000464037440934,0.000764502115948,-0.000542770088691,-2.50736315065e-05,-0.000930843393849,-0.000425212536014,-5.88387135326e-05,0.000329647789549,0.000401037630082,-0.00209446690158,0.00195905742396
