The first line is mean vector, the rest are inversed covariance matrix.
19.9179004739,-126.089874408,-12.6170047393,-20.1084028436,65.1103625592,-26.8627654028,-21.8299146919,15.8127630332,-40.5138127962,-1.7217014218,6.187507109,1.25984834123
2.94466890873,0.190242679365,-0.073202693499,-0.121346622494,0.146454792779,-0.0649626222306,0.0118300591879,0.133169254261,-0.107573374747,0.0297207092507,-0.0259211870559,-0.0376522210499
0.190242679365,0.0133011974916,-0.00466420013248,-0.00771342677937,0.00929609934925,-0.00410096309715,0.0013221352977,0.00789709707363,-0.00722201146142,0.000895789737251,-0.00210929261938,-0.00325488778155
-0.073202693499,-0.00466420013248,0.00499151623154,-0.00107345897059,-0.00408671253961,-0.00051142885578,-0.00130280551271,0.00161545509883,0.00220929319872,0.00105479502254,-0.000638018724192,0.00181502018602
-0.121346622494,-0.00771342677937,-0.00107345897059,0.0132290511423,-0.00561961894932,0.00263795970707,0.000586885618949,-0.013634447063,0.0028726392718,0.000370361132959,0.00326288749511,0.00102917079131
0.146454792779,0.00929609934925,-0.00408671253961,-0.00561961894932,0.00850295410564,-0.00140083777575,0.00119888351295,0.00538182293305,-0.00518420114405,-0.000794826610959,-0.00187091298779,-0.00183357542122
-0.0649626222306,-0.00410096309715,-0.00051142885578,0.00263795970707,-0.00140083777575,0.0113958042046,0.00145269520312,-0.0045850984699,0.00530245902377,-0.0104375455538,-0.00268985144869,-0.000156001572814
0.0118300591879,0.0013221352977,-0.00130280551271,0.000586885618949,0.00119888351295,0.00145269520312,0.00215400077635,-0.00211165178867,-0.000179569134873,-0.00306353078832,0.000799355861323,-0.00136073875109
0.133169254261,0.00789709707363,0.00161545509883,-0.013634447063,0.00538182293305,-0.0045850984699,-0.00211165178867,0.0218945909615,-0.00407738629281,0.00442071501647,-0.00106112905263,-0.000850772277416
-0.107573374747,-0.00722201146142,0.00220929319872,0.0028726392718,-0.00518420114405,0.00530245902377,-0.000179569134873,-0.00407738629281,0.00784638997879,-0.00596443221836,0.00093590105755,0.0014426307199
0.0297207092507,0.000895789737251,0.00105479502254,0.000370361132959,-0.000794826610959,-0.0104375455538,-0.00306353078832,0.00442071501647,-0.00596443221836,0.0212843109168,0.0030236991928,0.00188748061494
-0.0259211870559,-0.00210929261938,-0.000638018724192,0.00326288749511,-0.00187091298779,-0.00268985144869,0.000799355861323,-0.00106112905263,0.00093590105755,0.0030236991928,0.0189045529014,-0.00215545551154
-0.0376522210499,-0.00325488778155,0.00181502018602,0.00102917079131,-0.00183357542122,-0.000156001572814,-0.00136073875109,-0.000850772277416,0.0014426307199,0.00188748061494,-0.00215545551154,0.00498200932906
