The first line is mean vector, the rest are inversed covariance matrix.
29.1956007194,-117.412732014,29.4883363309,-15.1786097122,6.4259118705,-27.4398956835,13.8878651079,3.75054676259,-13.9565773381,-4.6104352518,-2.8846205036,0.248334532374
0.182716260182,0.00647951403057,-0.0135432157792,-0.00459138323546,0.0145931766905,0.00780217679953,0.00242001169201,0.00683413583123,-0.0130932053151,0.0141213034176,0.00541058938813,-0.00330238123469
0.00647951403057,0.00131928331772,-0.0010438770153,-0.000259411543934,0.000299843812337,-0.000120226774975,0.000538480359927,0.000700793656198,-0.000273200818419,0.000512463029997,0.000206672790304,9.59074915261e-06
-0.0135432157792,-0.0010438770153,0.0029163355204,-0.00108129083457,-0.00103434365649,-0.0033950370552,-0.0015788592828,-0.000701333707219,0.000607955891751,-0.00249413274928,-0.0036481145897,0.000722817067888
-0.00459138323546,-0.000259411543934,-0.00108129083457,0.00440375897645,0.000176015688839,0.00402558124607,0.0018149828674,-0.00061327248205,-0.000489825720831,0.0036991134438,0.00717898526787,-0.0014690112087
0.0145931766905,0.000299843812337,-0.00103434365649,0.000176015688839,0.00423195500846,0.00319871475115,0.000810505618426,0.000158612401148,-0.000232373243269,0.000470996363172,0.00138604680089,-0.000412449869732
0.00780217679953,-0.000120226774975,-0.0033950370552,0.00402558124607,0.00319871475115,0.0190200159493,0.00437300333218,0.00293149702984,-0.00103095284988,0.00436041213215,0.0108561206301,-0.00302724530665
0.00242001169201,0.000538480359927,-0.0015788592828,0.0018149828674,0.000810505618426,0.00437300333218,0.00516351558309,-0.000218591271772,-9.40620708579e-05,0.000831219698525,0.00474561101418,-0.000713790430261
0.00683413583123,0.000700793656198,-0.000701333707219,-0.00061327248205,0.000158612401148,0.00293149702984,-0.000218591271772,0.00647182910791,-0.000770463354054,0.0032563993144,-6.29436487917e-05,-6.65341218604e-05
-0.0130932053151,-0.000273200818419,0.000607955891751,-0.000489825720831,-0.000232373243269,-0.00103095284988,-9.40620708579e-05,-0.000770463354054,0.00725154036234,-0.00392677573258,-0.00114381344093,0.00232101316478
0.0141213034176,0.000512463029997,-0.00249413274928,0.0036991134438,0.000470996363172,0.00436041213215,0.000831219698525,0.0032563993144,-0.00392677573258,0.0217138404978,0.00797241291797,-0.000467102537441
0.00541058938813,0.000206672790304,-0.0036481145897,0.00717898526787,0.00138604680089,0.0108561206301,0.00474561101418,-6.29436487917e-05,-0.00114381344093,0.00797241291797,0.0210081605379,-0.00336422682417
-0.00330238123469,9.59074915261e-06,0.000722817067888,-0.0014690112087,-0.000412449869732,-0.00302724530665,-0.000713790430261,-6.65341218604e-05,0.00232101316478,-0.000467102537441,-0.00336422682417,0.00709134346972
