The first line is mean vector, the rest are inversed covariance matrix.
34.3128529412,-70.3483333333,127.92292549,15.8666,-11.5908137255,-1.48138235294,-32.9084058824,-2.97058235294,9.93764509804,0.315050980392,1.6589745098,4.30502156863
0.0565788544194,-0.00172002627922,-0.00155804634669,-0.00107397387004,0.00194122028425,-0.00197292883571,-0.000704646432707,0.00151819989478,-0.00443604571253,0.00185778806488,-0.000580163694573,-0.00161058029294
-0.00172002627922,0.000471214285908,7.31155959679e-05,-0.000120997606839,4.75399897795e-05,-0.000102143977329,0.000124916801078,0.000135707476053,0.00021108377838,-0.000161184815546,-0.000377193618644,-0.000231004562361
-0.00155804634669,7.31155959679e-05,0.00099430206109,-0.000925607313985,3.44777768927e-05,-0.00130346288504,-0.000290719643759,0.000590768947438,1.79987134676e-06,-0.000830261620499,-0.00193022706275,-2.57459218048e-06
-0.00107397387004,-0.000120997606839,-0.000925607313985,0.00233855129492,0.000181274449524,0.00197807245861,0.000696465720296,-0.0012696358307,-0.000392187828911,0.00213623194244,0.00386680086373,-0.000907767140052
0.00194122028425,4.75399897795e-05,3.44777768927e-05,0.000181274449524,0.000841917590993,0.000262964651416,-3.22518300969e-05,-0.000129754455511,-0.000401191334289,-0.000128820151007,0.000369647099069,-0.000343002131263
-0.00197292883571,-0.000102143977329,-0.00130346288504,0.00197807245861,0.000262964651416,0.00463009237227,0.000924895731922,-0.00092991272778,6.75017086699e-05,0.0015030131369,0.00399490656332,-0.000575864766087
-0.000704646432707,0.000124916801078,-0.000290719643759,0.000696465720296,-3.22518300969e-05,0.000924895731922,0.0018234050205,-0.00097361445103,0.000333869757347,-0.000590743075218,0.000923402462294,-0.00107492928927
0.00151819989478,0.000135707476053,0.000590768947438,-0.0012696358307,-0.000129754455511,-0.00092991272778,-0.00097361445103,0.00466210163599,-0.000418176796802,0.00141236895372,-0.00171089084901,0.000436175274838
-0.00443604571253,0.00021108377838,1.79987134676e-06,-0.000392187828911,-0.000401191334289,6.75017086699e-05,0.000333869757347,-0.000418176796802,0.00189687534812,-0.00292061482001,-0.000615510975473,0.000118759110502
0.00185778806488,-0.000161184815546,-0.000830261620499,0.00213623194244,-0.000128820151007,0.0015030131369,-0.000590743075218,0.00141236895372,-0.00292061482001,0.0114345987315,0.00375774968739,-0.000368289252254
-0.000580163694573,-0.000377193618644,-0.00193022706275,0.00386680086373,0.000369647099069,0.00399490656332,0.000923402462294,-0.00171089084901,-0.000615510975473,0.00375774968739,0.0100786964625,-0.000913586614952
-0.00161058029294,-0.000231004562361,-2.57459218048e-06,-0.000907767140052,-0.000343002131263,-0.000575864766087,-0.00107492928927,0.000436175274838,0.000118759110502,-0.000368289252254,-0.000913586614952,0.00338499216506
