The first line is mean vector, the rest are inversed covariance matrix.
20.7120391304,-141.65383913,-33.0806956522,-27.0820173913,56.2204608696,-21.1742521739,-16.4054347826,12.1061869565,-33.3380347826,0.519126086957,1.48495217391,1.38581304348
6.46848493358,0.437729766621,-0.18445289749,-0.182008681241,0.27799103284,-0.164579148291,0.0065667905998,0.17665551194,-0.252888326488,0.0341875432928,-0.0445654856963,-0.105604763109
0.437729766621,0.0306552890186,-0.0125607364825,-0.0120342725225,0.0187412079227,-0.0106426114742,0.00108685789762,0.0115886043194,-0.0173115698304,0.000855527015988,-0.0032767779576,-0.00751822464881
-0.18445289749,-0.0125607364825,0.00828646374354,0.00240825931973,-0.00869372384143,0.00247334058431,-0.00132378459561,-0.00256613619849,0.00821886552308,0.00227985151914,-9.00805231433e-05,0.00492780745157
-0.182008681241,-0.0120342725225,0.00240825931973,0.0106661564333,-0.00696068207628,0.00407018476038,0.00156451724363,-0.010103242565,0.00530553066237,-0.00086742338389,0.00309120645831,0.00202747634792
0.27799103284,0.0187412079227,-0.00869372384143,-0.00696068207628,0.0141025456371,-0.00530635300779,0.000750875855192,0.00616786494152,-0.0101915893449,-0.00206582930051,-0.000240715464682,-0.0058654684052
-0.164579148291,-0.0106426114742,0.00247334058431,0.00407018476038,-0.00530635300779,0.0115836648272,0.00121363681686,-0.00334741235909,0.0076050257241,-0.0107841700926,0.00249687117764,0.000154222407365
0.0065667905998,0.00108685789762,-0.00132378459561,0.00156451724363,0.000750875855192,0.00121363681686,0.0041012748225,-0.00105531432537,-0.000351851780474,-0.00174226383033,0.000887757351637,-0.000424756297393
0.17665551194,0.0115886043194,-0.00256613619849,-0.010103242565,0.00616786494152,-0.00334741235909,-0.00105531432537,0.01564864601,-0.00447373781498,0.0012258586376,-0.000175572777113,-0.0021527067296
-0.252888326488,-0.0173115698304,0.00821886552308,0.00530553066237,-0.0101915893449,0.0076050257241,-0.000351851780474,-0.00447373781498,0.0157048158978,-0.00480880415705,0.00465203183445,0.00408510215923
0.0341875432928,0.000855527015988,0.00227985151914,-0.00086742338389,-0.00206582930051,-0.0107841700926,-0.00174226383033,0.0012258586376,-0.00480880415705,0.0247896084146,-0.00420973212434,0.00494464636064
-0.0445654856963,-0.0032767779576,-9.00805231433e-05,0.00309120645831,-0.000240715464682,0.00249687117764,0.000887757351637,-0.000175572777113,0.00465203183445,-0.00420973212434,0.0193236623217,-0.00276558209559
-0.105604763109,-0.00751822464881,0.00492780745157,0.00202747634792,-0.0058654684052,0.000154222407365,-0.000424756297393,-0.0021527067296,0.00408510215923,0.00494464636064,-0.00276558209559,0.00963273958713
