The first line is mean vector, the rest are inversed covariance matrix.
25.2800450886,-122.52605314,56.6240112721,26.73452657,59.1327455717,-7.13709500805,-24.9102302738,8.65027697262,-25.7658566828,-1.01062318841,4.9151352657,-14.0837971014
0.725070313837,0.0419567179955,-0.011904797769,-0.0300532127663,0.0331745396174,-0.0223669575406,-0.00216525191496,0.0573419675231,-0.0439934364439,0.0245278140779,-0.0180243233521,-0.00851275787153
0.0419567179955,0.0033631834893,-0.000815512111843,-0.00206973238156,0.00190995120545,-0.00155600480085,-0.000349012369154,0.00278923839017,-0.00266603908929,0.00145815741003,-0.00121505553106,-0.000448772295976
-0.011904797769,-0.000815512111843,0.00132153962104,-0.000113674178841,-0.000472754872178,0.0003582847426,-0.000243749393887,-0.000434110943258,0.00048668873592,-0.000330425316585,-0.000725498434456,0.000536140026698
-0.0300532127663,-0.00206973238156,-0.000113674178841,0.003177828551,-0.00111784418497,0.00061245541303,0.000436544253307,-0.00316320150182,0.00115059171699,-0.00104579567427,0.00237671209401,-0.000135830457706
0.0331745396174,0.00190995120545,-0.000472754872178,-0.00111784418497,0.00348210339085,-0.000546533409158,-0.000185101816398,0.00174565167579,-0.00200617868788,-0.000411248096213,-0.000854710617106,0.000125516298927
-0.0223669575406,-0.00155600480085,0.0003582847426,0.00061245541303,-0.000546533409158,0.00304724445026,0.000493251238166,-0.00127557381806,0.0016177442052,-0.00266000743841,-0.000706614362832,0.000392128272688
-0.00216525191496,-0.000349012369154,-0.000243749393887,0.000436544253307,-0.000185101816398,0.000493251238166,0.00148351580532,-0.000727355369426,-0.000380357539097,-0.000961378845916,0.000452197262942,-0.000563897703544
0.0573419675231,0.00278923839017,-0.000434110943258,-0.00316320150182,0.00174565167579,-0.00127557381806,-0.000727355369426,0.0100295063821,-0.00217219795234,0.00213730170912,-0.000666648008052,-0.00102921338555
-0.0439934364439,-0.00266603908929,0.00048668873592,0.00115059171699,-0.00200617868788,0.0016177442052,-0.000380357539097,-0.00217219795234,0.00481452005603,-0.0028574719124,0.00134189977371,0.000428341520876
0.0245278140779,0.00145815741003,-0.000330425316585,-0.00104579567427,-0.000411248096213,-0.00266000743841,-0.000961378845916,0.00213730170912,-0.0028574719124,0.00986397372611,-0.000175538103222,0.000491809582053
-0.0180243233521,-0.00121505553106,-0.000725498434456,0.00237671209401,-0.000854710617106,-0.000706614362832,0.000452197262942,-0.000666648008052,0.00134189977371,-0.000175538103222,0.0104994436435,-0.00155024227243
-0.00851275787153,-0.000448772295976,0.000536140026698,-0.000135830457706,0.000125516298927,0.000392128272688,-0.000563897703544,-0.00102921338555,0.000428341520876,0.000491809582053,-0.00155024227243,0.00206644870274
