The first line is mean vector, the rest are inversed covariance matrix.
46.2422991803,16.0568087432,-31.3864002732,-4.27355327869,-12.0718565574,-6.23265710383,3.06936065574,-7.50343032787,-1.42678688525,-4.35636748634,1.88732786885,9.55072677596
0.0571930059242,-0.00391845687087,-0.000351383563661,0.000189165815294,0.000906170772382,-0.00139672094021,0.00392146201185,0.00270693704402,-0.000385367673717,0.00142023574953,-0.00207270186189,-0.00047823848723
-0.00391845687087,0.000765476723929,-0.000122111285187,-0.000124595507666,-0.000321065360683,2.88886988123e-05,-0.000260655581691,-9.30933201837e-05,0.000243833226964,8.63702857441e-05,5.49488757426e-05,-3.45085927971e-05
-0.000351383563661,-0.000122111285187,0.00133577121379,0.000201698617109,-0.000825551959881,0.000151432343652,0.000401183665186,-0.000229062488689,-0.000320127108095,-0.00040791728439,-0.00014428591393,0.000344692448705
0.000189165815294,-0.000124595507666,0.000201698617109,0.000920530942384,-0.000142141725476,8.65588885433e-05,0.000639224001622,0.000306206343918,-0.000148404425658,-2.50250819548e-06,0.000372480314913,-0.000513355245779
0.000906170772382,-0.000321065360683,-0.000825551959881,-0.000142141725476,0.00444293325987,-0.000384146580394,-0.000602706096528,2.0192484341e-05,-0.000641578056104,0.000742277386213,9.16418364297e-05,0.000316057608216
-0.00139672094021,2.88886988123e-05,0.000151432343652,8.65588885433e-05,-0.000384146580394,0.0015415643218,-0.00115254761047,-6.96647241946e-05,-0.000274688054626,0.00079472681589,6.84153668033e-05,0.000321704345859
0.00392146201185,-0.000260655581691,0.000401183665186,0.000639224001622,-0.000602706096528,-0.00115254761047,0.0074339590861,-0.000147112899473,0.000302036254568,-0.000289468188332,-0.000742317949596,-0.00188199576517
0.00270693704402,-9.30933201837e-05,-0.000229062488689,0.000306206343918,2.0192484341e-05,-6.96647241946e-05,-0.000147112899473,0.0042878300491,5.04963584698e-05,0.000817114111186,-0.00021002674244,-0.00041360102336
-0.000385367673717,0.000243833226964,-0.000320127108095,-0.000148404425658,-0.000641578056104,-0.000274688054626,0.000302036254568,5.04963584698e-05,0.00559090053295,0.000209205402308,-0.00074620612148,-0.00160161071793
0.00142023574953,8.63702857441e-05,-0.00040791728439,-2.50250819548e-06,0.000742277386213,0.00079472681589,-0.000289468188332,0.000817114111186,0.000209205402308,0.00690857552916,-0.00107433391383,-0.000362653489973
-0.00207270186189,5.49488757426e-05,-0.00014428591393,0.000372480314913,9.16418364297e-05,6.84153668033e-05,-0.000742317949596,-0.00021002674244,-0.00074620612148,-0.00107433391383,0.00386705245222,0.000845705701002
-0.00047823848723,-3.45085927971e-05,0.000344692448705,-0.000513355245779,0.000316057608216,0.000321704345859,-0.00188199576517,-0.00041360102336,-0.00160161071793,-0.000362653489973,0.000845705701002,0.00700887728358
