The first line is mean vector, the rest are inversed covariance matrix.
25.7192951907,-39.6315920398,89.2461044776,2.10869983416,-2.52171475954,-14.0609286899,-5.48681260365,2.16230016584,-12.0856666667,-0.667237147595,-3.94525704809,-2.64251077944
0.221304782394,0.0103551232762,-0.0103184988957,-0.00519877798017,0.0183950230171,-0.00540196015873,0.00364005428395,0.0121855949017,-0.0235942857006,0.00686688851812,-0.00314465844915,-0.0156067913078
0.0103551232762,0.00133534581901,-0.000757429898862,-0.000459413820229,0.000505875740618,-0.000221676784698,-0.000255582025894,0.000789758105652,-0.00195892226732,0.000302759419262,-0.000333900392808,-0.000550102193971
-0.0103184988957,-0.000757429898862,0.00243470824894,-0.00161413741018,-0.00138333840178,-0.00335773794708,-0.00119027877362,0.000472341590628,0.00104646230424,-0.00129171618133,-0.00431794474972,0.00201296445673
-0.00519877798017,-0.000459413820229,-0.00161413741018,0.00415104133412,0.000312351330135,0.00576636015211,0.00171124110226,-0.0025391387567,-5.26597960044e-07,0.00223379769513,0.00792031328847,-0.00153084734343
0.0183950230171,0.000505875740618,-0.00138333840178,0.000312351330135,0.00387455854956,0.000870337335599,0.00100886987906,0.000593721446871,-0.000528809874791,0.000359957675863,0.00163822054308,-0.00130131958032
-0.00540196015873,-0.000221676784698,-0.00335773794708,0.00576636015211,0.000870337335599,0.0135148108973,0.00269339807735,-0.0013705703483,3.94215919335e-05,0.00270115021,0.0138216032531,-0.00277152333714
0.00364005428395,-0.000255582025894,-0.00119027877362,0.00171124110226,0.00100886987906,0.00269339807735,0.00311576528783,-0.00168239672181,0.000100666018634,-0.000982918251245,0.0036790199179,-0.00142618604304
0.0121855949017,0.000789758105652,0.000472341590628,-0.0025391387567,0.000593721446871,-0.0013705703483,-0.00168239672181,0.009100062587,-0.00185094772866,0.00481529091229,-0.0035859987309,0.00115216635616
-0.0235942857006,-0.00195892226732,0.00104646230424,-5.26597960046e-07,-0.000528809874791,3.94215919335e-05,0.000100666018634,-0.00185094772866,0.00705999672701,-0.00386035319927,-0.000236384828134,0.00180812528883
0.00686688851812,0.000302759419262,-0.00129171618133,0.00223379769513,0.000359957675863,0.00270115021,-0.000982918251245,0.00481529091229,-0.00386035319927,0.0195420164692,0.00517454944341,0.000321349409718
-0.00314465844915,-0.000333900392808,-0.00431794474972,0.00792031328847,0.00163822054308,0.0138216032531,0.0036790199179,-0.0035859987309,-0.000236384828134,0.00517454944341,0.0220270237477,-0.00408661128336
-0.0156067913078,-0.000550102193971,0.00201296445673,-0.00153084734343,-0.00130131958032,-0.00277152333714,-0.00142618604304,0.00115216635616,0.00180812528883,0.000321349409718,-0.00408661128336,0.00581161599535
