The first line is mean vector, the rest are inversed covariance matrix.
26.1845936842,-106.287585263,11.9935284211,-26.2826568421,24.9923452632,-26.8992126316,-33.7753978947,0.0545852631579,-5.22697894737,0.390414736842,2.21949894737,-8.87261052632
0.13783235307,0.00150575003931,-0.00624714577251,-0.00459741269957,0.00713141886907,-0.00964518159162,0.0022291116092,0.00307154420069,-0.00876599077641,0.00136032619269,-0.0015102158948,-0.00356122585554
0.00150575003931,0.00127096706273,-0.000236809125452,-0.000682421893871,0.000618229567608,8.39290392474e-05,-0.000469240642655,0.00123710863204,-0.00103702884061,0.000286744894955,-0.000312708577374,-0.000678771805004
-0.00624714577251,-0.000236809125452,0.00339883832902,-0.0013643272529,-0.000787612571555,-0.00199008546036,0.000685126192055,0.000656322305529,-0.000130964350803,-0.00109206216772,-0.00299060391048,0.000995110721403
-0.00459741269957,-0.000682421893871,-0.0013643272529,0.00590600268749,-6.85053665308e-05,0.00219276236158,0.000993376255651,-0.00270304586227,0.000671456830541,0.00309092927323,0.00650851760857,0.000427939012415
0.00713141886907,0.000618229567608,-0.000787612571555,-6.85053665308e-05,0.00313088690189,0.0010931467624,0.000863937550861,0.000548676815311,0.000418459750202,-0.000607168431993,0.00082992143522,0.00203800825699
-0.00964518159162,8.39290392474e-05,-0.00199008546036,0.00219276236158,0.0010931467624,0.0150772907868,0.000566756456981,0.000690614832695,0.00312137688016,-0.00235885245374,0.00325401812208,-0.00124213721444
0.0022291116092,-0.000469240642655,0.000685126192055,0.000993376255651,0.000863937550861,0.000566756456981,0.00501719867438,-0.00119267275174,0.00110634531783,-0.00156903331228,0.00287148020625,0.00163492864104
0.00307154420069,0.00123710863204,0.000656322305529,-0.00270304586227,0.000548676815311,0.000690614832695,-0.00119267275174,0.00985533596163,6.11475000153e-05,0.000580109096009,-0.00371961944562,0.000788363791337
-0.00876599077641,-0.00103702884061,-0.000130964350803,0.000671456830541,0.000418459750202,0.00312137688016,0.00110634531783,6.11475000153e-05,0.00466329364562,-0.0048502492337,0.00154211863551,0.000431347794064
0.00136032619269,0.000286744894955,-0.00109206216772,0.00309092927323,-0.000607168431993,-0.00235885245374,-0.00156903331228,0.000580109096009,-0.0048502492337,0.0222370791081,0.00572818618718,0.000759886602353
-0.0015102158948,-0.000312708577374,-0.00299060391048,0.00650851760857,0.00082992143522,0.00325401812208,0.00287148020625,-0.00371961944562,0.00154211863551,0.00572818618718,0.0338033268212,-0.00342564306701
-0.00356122585554,-0.000678771805004,0.000995110721403,0.000427939012415,0.00203800825699,-0.00124213721444,0.00163492864104,0.000788363791337,0.000431347794064,0.000759886602353,-0.00342564306701,0.00993300178981
