The first line is mean vector, the rest are inversed covariance matrix.
29.0433256705,-28.8893659004,-43.866605364,-29.9309923372,-4.39234291188,0.373795019157,-8.47704789272,-6.16717049808,-3.43388122605,1.51375095785,-5.24219731801,1.52827011494
0.071141206706,0.00187571529257,-0.00440601323117,-0.00125136621525,-0.00500216594068,-0.00328168388827,0.00724888525089,0.000339837332469,0.00298857511581,0.000862688424133,-0.000686066584207,0.000400804363756
0.00187571529257,0.00060979847829,-0.000116913170769,-4.60993454676e-05,-9.7309665373e-06,-0.000160609759541,0.000384880682915,0.000240057410586,-3.29824523633e-05,0.000188340768536,-0.000308521987596,-0.000374955398594
-0.00440601323117,-0.000116913170769,0.00138181981594,0.000155581710523,-3.95285297391e-05,1.19117103614e-05,-0.000853026121013,-9.97328389089e-05,-3.54383051271e-05,-0.00016100488784,-0.00013474782641,0.000197513683459
-0.00125136621525,-4.60993454676e-05,0.000155581710523,0.000925675974516,0.000160262463112,0.000472848707552,9.61561151573e-05,-0.000109837463578,2.45447797567e-05,0.000263489650648,0.000420808635795,-0.000326316887026
-0.00500216594068,-9.7309665373e-06,-3.95285297391e-05,0.000160262463112,0.00187982190377,0.00035412852817,-0.000582199343353,-0.000372646278016,-0.00051736924908,-0.000520531320891,0.000272444318564,0.000189334278362
-0.00328168388827,-0.000160609759541,1.19117103614e-05,0.000472848707552,0.00035412852817,0.00158745257479,-0.000581598278873,-1.92890400644e-05,0.000197370077301,-0.000124704777293,0.000425764628713,0.000298878833751
0.00724888525089,0.000384880682915,-0.000853026121013,9.61561151573e-05,-0.000582199343353,-0.000581598278873,0.00355404712402,0.000252648323194,-3.43274022761e-05,-7.92402565897e-05,-0.000491667156651,-0.00142392884892
0.000339837332469,0.000240057410586,-9.97328389089e-05,-0.000109837463578,-0.000372646278016,-1.92890400644e-05,0.000252648323194,0.00166150503951,-4.98822236816e-05,0.000457113315636,0.000117633345849,-2.86614904557e-05
0.00298857511581,-3.29824523633e-05,-3.54383051271e-05,2.45447797567e-05,-0.00051736924908,0.000197370077301,-3.43274022761e-05,-4.98822236816e-05,0.00330114432764,0.000441700980809,-0.000363572332914,-0.000349597716305
0.000862688424133,0.000188340768536,-0.00016100488784,0.000263489650648,-0.000520531320891,-0.000124704777293,-7.92402565897e-05,0.000457113315636,0.000441700980809,0.00291078335653,0.000521789066969,-0.000221364200919
-0.000686066584207,-0.000308521987596,-0.00013474782641,0.000420808635795,0.000272444318564,0.000425764628713,-0.000491667156651,0.000117633345849,-0.000363572332914,0.000521789066969,0.00433328038638,-6.32701318196e-05
0.000400804363756,-0.000374955398594,0.000197513683459,-0.000326316887026,0.000189334278362,0.000298878833751,-0.00142392884892,-2.86614904557e-05,-0.000349597716305,-0.000221364200919,-6.32701318196e-05,0.00423072379095
