The first line is mean vector, the rest are inversed covariance matrix.
44.1345419223,49.9769335378,19.4847505112,2.56898568507,0.642167689162,-1.23615439673,-5.94959202454,-3.92073312883,-6.51145807771,4.26263292434,-1.5138803681,-6.97047648262
0.0331144877073,-0.000596265658606,-0.00089161253059,-0.000443272098484,-0.000689163320806,0.000440032300727,3.78557004714e-06,0.000431956883523,-0.000336045725721,0.000380114787398,-0.00109860334345,0.000931908500085
-0.000596265658606,0.000670694307891,0.00014655133351,-7.52633207459e-05,-5.83052545358e-05,2.71812480864e-05,5.76593764643e-05,-0.000308120620473,0.00025944302861,-0.000123975680771,-0.00013047774927,9.04874223908e-05
-0.00089161253059,0.00014655133351,0.000932197629063,0.000186882527818,-9.29439752683e-05,-3.98895832959e-05,-0.000193298559995,-0.000223079034071,0.000159866592501,-3.50893943123e-05,0.000278654020729,0.000502101718612
-0.000443272098484,-7.52633207459e-05,0.000186882527818,0.000926029680034,5.93229990122e-05,0.0003316654019,-7.33191420822e-05,0.000234350864352,-0.00018096540804,8.96589022833e-05,0.000231106401123,1.32242494954e-05
-0.000689163320806,-5.83052545358e-05,-9.29439752683e-05,5.93229990122e-05,0.00120939084517,-7.81825645766e-05,6.9045640454e-05,-0.000360009615904,-0.000134637795088,-2.61501462428e-05,0.000175810285306,-0.000145425610565
0.000440032300727,2.71812480864e-05,-3.98895832959e-05,0.0003316654019,-7.81825645766e-05,0.00132014993252,-0.000174685082746,9.43326788074e-05,0.000127826278726,0.000215377270033,-0.000283876652055,0.000134813757395
3.78557004714e-06,5.76593764643e-05,-0.000193298559995,-7.33191420822e-05,6.9045640454e-05,-0.000174685082746,0.00176740465651,-6.17851265755e-06,-0.000756532149799,-0.000552499202194,-7.01796495508e-05,-0.000766365018468
0.000431956883523,-0.000308120620473,-0.000223079034071,0.000234350864352,-0.000360009615904,9.43326788074e-05,-6.17851265755e-06,0.00288410542733,-0.000486490710282,0.00103468402944,-3.5710882985e-05,-0.000213564389548
-0.000336045725721,0.00025944302861,0.000159866592501,-0.00018096540804,-0.000134637795088,0.000127826278726,-0.000756532149799,-0.000486490710282,0.00305181864396,-0.000343116840202,-0.000284876840581,0.000840380479291
0.000380114787398,-0.000123975680771,-3.50893943123e-05,8.96589022833e-05,-2.61501462428e-05,0.000215377270033,-0.000552499202194,0.00103468402944,-0.000343116840202,0.00439422791855,-0.000189698905419,0.000454563906383
-0.00109860334345,-0.00013047774927,0.000278654020729,0.000231106401123,0.000175810285306,-0.000283876652055,-7.01796495508e-05,-3.5710882985e-05,-0.000284876840581,-0.000189698905419,0.00348018727644,0.000152010768709
0.000931908500085,9.04874223908e-05,0.000502101718612,1.32242494954e-05,-0.000145425610565,0.000134813757395,-0.000766365018468,-0.000213564389548,0.000840380479291,0.000454563906383,0.000152010768709,0.00281164197582
