The first line is mean vector, the rest are inversed covariance matrix.
37.3318004751,-66.714631829,17.1930166271,-10.0070213777,-3.08596674584,-14.172023753,-13.6491971496,-8.78609738717,22.5684536817,3.03494536817,-0.0260190023753,2.63834204276
0.0607676673683,-0.000414531972906,-0.00469789923008,0.000160691830825,-0.000653039846284,-0.000690087190161,0.00324440276174,0.00142309724044,-0.000437275068121,-0.000348803978118,0.000941245459758,-0.00404052975252
-0.000414531972906,0.000620969296814,-0.000154363642269,6.46380637584e-05,0.000279387444682,-8.48837695577e-05,0.000356863957936,-9.05059916843e-06,-0.000132400463671,0.000366117190776,0.000129914867661,-4.42548285459e-06
-0.00469789923008,-0.000154363642269,0.00127647132736,-5.44517702276e-05,-0.000370931835971,-0.000145162742687,-0.000255858457484,-0.000516158269493,-3.60446983619e-05,-0.000618295223403,-0.0005152083837,0.000549979015648
0.000160691830825,6.46380637584e-05,-5.44517702276e-05,0.00151404369774,-0.000290832584,0.0010008391001,0.000281815692538,8.83704170752e-05,7.44400163189e-06,0.000902194853194,0.00138103081234,9.98340285591e-06
-0.000653039846284,0.000279387444682,-0.000370931835971,-0.000290832584,0.00174538443348,-8.98622687036e-05,-0.000495396805483,0.000309284282565,-0.000538480861484,0.000690768837991,0.000153964761231,-0.00028476762812
-0.000690087190161,-8.48837695577e-05,-0.000145162742687,0.0010008391001,-8.98622687036e-05,0.00262771337214,-2.43922671124e-05,0.000477183466592,0.000381741060882,0.00089378029962,0.00155717001784,0.000342129700631
0.00324440276174,0.000356863957936,-0.000255858457484,0.000281815692538,-0.000495396805483,-2.43922671124e-05,0.00248150270881,0.000289893321292,4.19465496537e-05,-0.000352506903731,8.00441275135e-05,-0.000406116363446
0.00142309724044,-9.05059916843e-06,-0.000516158269493,8.83704170752e-05,0.000309284282565,0.000477183466592,0.000289893321292,0.00304960640157,2.2024274118e-05,0.000826404186386,0.000308706089323,-0.000127458205778
-0.000437275068121,-0.000132400463671,-3.60446983619e-05,7.44400163189e-06,-0.000538480861484,0.000381741060882,4.19465496537e-05,2.2024274118e-05,0.00232942524283,-0.000367326383991,-0.000158707536414,0.000772129978888
-0.000348803978118,0.000366117190776,-0.000618295223403,0.000902194853194,0.000690768837991,0.00089378029962,-0.000352506903731,0.000826404186386,-0.000367326383991,0.00562223638541,0.00074540144999,0.000499312559173
0.000941245459758,0.000129914867661,-0.0005152083837,0.00138103081234,0.000153964761231,0.00155717001784,8.00441275135e-05,0.000308706089323,-0.000158707536414,0.00074540144999,0.00784876177525,-0.000344800060828
-0.00404052975252,-4.42548285459e-06,0.000549979015648,9.98340285591e-06,-0.00028476762812,0.000342129700631,-0.000406116363446,-0.000127458205778,0.000772129978888,0.000499312559173,-0.000344800060828,0.00505852856214
