The first line is mean vector, the rest are inversed covariance matrix.
47.1048785249,-10.9481366594,47.3850065076,6.30379392625,-12.4981778742,24.2686203905,-9.18352277657,-3.70881995662,19.5975770065,4.57572668113,-7.051329718,4.14601952278
0.0825011071386,-0.00235615514774,-0.0047436580466,-0.000526165181858,-0.00129965637321,0.000883562528986,0.00323106890337,-9.04559221081e-05,-0.00111452121101,0.000238344892864,0.00127607610321,-0.00171113070461
-0.00235615514774,0.000654755093427,0.000209419344935,9.97825726552e-05,-0.000214785280954,-0.000126208963427,0.000471716071848,-3.8766446597e-05,0.000231319212728,4.94547610095e-05,-0.00014292775857,-2.18423193637e-06
-0.0047436580466,0.000209419344935,0.00109225979502,0.000121877838998,0.000154613115252,-0.000211441009033,7.94868891352e-05,-8.96372871496e-05,6.16867829644e-05,-0.000190025674842,-0.000534053439284,0.000213250606215
-0.000526165181858,9.97825726552e-05,0.000121877838998,0.000628265115617,0.000115370619628,4.29200247727e-05,0.000273225787616,0.000210152189946,-0.000191410050473,-1.26311875305e-05,0.00060522778072,-0.000117129281963
-0.00129965637321,-0.000214785280954,0.000154613115252,0.000115370619628,0.00137167050333,8.12862527924e-05,-0.000694217466138,-0.000207408860203,-6.6666721803e-05,-4.75631380102e-05,0.000157006123197,-0.000860421428068
0.000883562528986,-0.000126208963427,-0.000211441009033,4.29200247727e-05,8.12862527924e-05,0.000901782374944,-0.000548155709577,1.19646314596e-06,-0.000201498669142,-0.000180011496184,0.000327439082026,0.000407790059143
0.00323106890337,0.000471716071848,7.94868891352e-05,0.000273225787616,-0.000694217466138,-0.000548155709577,0.00290155879859,-0.00018000663633,-0.000196112926575,2.61381122612e-05,-9.13217103012e-05,-0.000567353424184
-9.04559221081e-05,-3.8766446597e-05,-8.96372871496e-05,0.000210152189946,-0.000207408860203,1.19646314596e-06,-0.00018000663633,0.00256589660169,-0.000247567697203,0.000732398666883,7.67547845317e-05,6.05653251249e-06
-0.00111452121101,0.000231319212728,6.16867829644e-05,-0.000191410050473,-6.6666721803e-05,-0.000201498669142,-0.000196112926575,-0.000247567697203,0.00267790805071,2.16733973217e-05,-4.83240174088e-05,-0.000454393905717
0.000238344892864,4.94547610095e-05,-0.000190025674842,-1.26311875305e-05,-4.75631380102e-05,-0.000180011496184,2.61381122612e-05,0.000732398666883,2.16733973217e-05,0.00295884868576,-0.000464395752289,-0.000589730554359
0.00127607610321,-0.00014292775857,-0.000534053439284,0.00060522778072,0.000157006123197,0.000327439082026,-9.13217103012e-05,7.67547845317e-05,-4.83240174088e-05,-0.000464395752289,0.00300886186891,0.000120348305057
-0.00171113070461,-2.18423193637e-06,0.000213250606215,-0.000117129281963,-0.000860421428068,0.000407790059143,-0.000567353424184,6.05653251249e-06,-0.000454393905717,-0.000589730554359,0.000120348305057,0.00443889340098
