The first line is mean vector, the rest are inversed covariance matrix.
43.5910810502,-24.6093652968,-5.31446118721,-7.42203652968,-16.2035901826,-3.83583105023,14.0134121005,-1.01680936073,0.521181506849,-3.45102625571,-6.06595776256,-2.10964383562
0.0881543442109,-0.0023629465598,-0.0061272981781,-0.00285934659878,-0.00437784266178,-5.64414103467e-05,0.00238540318895,0.000828580723683,0.000474809319295,0.00140199554224,0.000333109676505,0.00313075089535
-0.0023629465598,0.000517350244684,0.00013255417985,5.77594822294e-05,0.000123386396085,-2.85210421593e-05,3.4019908942e-05,6.05204834422e-05,-3.39879917863e-05,0.000373249155324,-0.000200676814215,-8.48457850429e-05
-0.0061272981781,0.00013255417985,0.000886173445897,0.00015171835637,0.000230811758276,-0.000197386740414,-0.000319067478512,-0.000177013971261,3.21279492148e-05,-0.000373769643585,-0.00010592890743,-0.00021168237096
-0.00285934659878,5.77594822294e-05,0.00015171835637,0.000637690748587,0.000227738534152,0.000154165125483,-3.89135669655e-05,5.41230940812e-05,1.23114674351e-05,2.05279376527e-05,0.000311933291372,-0.000229893587557
-0.00437784266178,0.000123386396085,0.000230811758276,0.000227738534152,0.000945235453027,7.89912061e-05,-0.000180382057075,-0.000114562062811,1.63211698514e-05,2.95513413301e-05,7.69345757602e-05,-0.00046267583487
-5.64414103467e-05,-2.85210421593e-05,-0.000197386740414,0.000154165125483,7.89912061e-05,0.000978926399837,-0.000104373270771,2.50329743592e-05,-0.0001341040511,0.000350542499001,0.000162710767447,0.000116531732447
0.00238540318895,3.4019908942e-05,-0.000319067478512,-3.89135669655e-05,-0.000180382057075,-0.000104373270771,0.00153909907745,5.68136132417e-05,-0.000273963262389,0.000195892022344,-4.50269425734e-05,-9.30249935827e-05
0.000828580723683,6.05204834422e-05,-0.000177013971261,5.41230940812e-05,-0.000114562062811,2.50329743592e-05,5.68136132417e-05,0.00190484115605,-0.000204627008942,0.000563535005487,5.55003633225e-05,-0.000128618453399
0.000474809319295,-3.39879917863e-05,3.21279492148e-05,1.23114674351e-05,1.63211698514e-05,-0.0001341040511,-0.000273963262389,-0.000204627008942,0.00240612051534,9.27710719291e-05,3.42272557905e-05,-4.12812673032e-05
0.00140199554224,0.000373249155324,-0.000373769643585,2.05279376527e-05,2.95513413301e-05,0.000350542499001,0.000195892022344,0.000563535005487,9.27710719291e-05,0.00304223654934,4.00310490262e-06,0.000104230504596
0.000333109676505,-0.000200676814215,-0.00010592890743,0.000311933291372,7.69345757602e-05,0.000162710767447,-4.50269425734e-05,5.55003633225e-05,3.42272557905e-05,4.00310490262e-06,0.00311588245372,-0.000267897149255
0.00313075089535,-8.48457850429e-05,-0.00021168237096,-0.000229893587557,-0.00046267583487,0.000116531732447,-9.30249935827e-05,-0.000128618453399,-4.12812673032e-05,0.000104230504596,-0.000267897149255,0.00271299049262
