The first line is mean vector, the rest are inversed covariance matrix.
35.996631068,-118.671567961,104.046240291,13.2110218447,-56.9586480583,12.5965364078,12.4574029126,4.82497330097,12.9967936893,2.78568446602,-3.3318907767,2.63789320388
0.567499597956,0.0192720224242,-0.0426268922402,-0.0154066408258,0.0315143611449,-0.0124456480062,0.00434317953785,0.0103639242184,-0.0285510183324,0.00439289495116,0.000168321789263,-0.0238705408136
0.0192720224242,0.00195756349772,-0.00173404161024,-0.000527532322985,0.00129442190182,-0.000614016692866,0.000751070923015,0.000497989540413,-0.00107970834189,0.000108972879678,-2.62533584782e-05,-0.000983148237532
-0.0426268922402,-0.00173404161024,0.00414188626152,0.00114274665712,-0.00230913732195,0.000332708947807,-0.000508847696582,-0.000830411948464,0.00179229729201,-2.11818362971e-05,-0.000442086100789,0.000899404054063
-0.0154066408258,-0.000527532322985,0.00114274665712,0.0016749860272,-0.000786770301421,0.0011791414152,0.000221093560466,-0.000267554595376,0.000543805937651,0.00042778085167,0.00145471686891,9.32033413355e-05
0.0315143611449,0.00129442190182,-0.00230913732195,-0.000786770301421,0.00450428678276,-0.000475575295376,-0.000676883490131,-0.000266086303172,-0.00232185074656,-0.000760592888528,0.000628160752702,-0.00165916716047
-0.0124456480062,-0.000614016692866,0.000332708947807,0.0011791414152,-0.000475575295376,0.00266392727006,8.5797867622e-05,-0.000349367291382,0.00088216024446,-0.000286436222167,0.00124523307949,0.000323264105985
0.00434317953785,0.000751070923015,-0.000508847696582,0.000221093560466,-0.000676883490131,8.5797867622e-05,0.00245249172464,-0.00033992097574,-9.30064205004e-07,-0.000992130427058,1.39766623842e-05,-0.000265944931173
0.0103639242184,0.000497989540413,-0.000830411948464,-0.000267554595376,-0.000266086303172,-0.000349367291382,-0.00033992097574,0.00431807281873,-0.000542074119807,0.00235104700173,-0.000145694245022,-0.000342068730749
-0.0285510183324,-0.00107970834189,0.00179229729201,0.000543805937651,-0.00232185074656,0.00088216024446,-9.30064205005e-07,-0.000542074119807,0.00374128136338,-0.00119745263424,-0.000215009570814,0.000921691149603
0.00439289495116,0.000108972879678,-2.11818362971e-05,0.00042778085167,-0.000760592888528,-0.000286436222167,-0.000992130427058,0.00235104700173,-0.00119745263424,0.00863539367152,-6.00815937961e-05,-0.000304126175221
0.000168321789263,-2.62533584782e-05,-0.000442086100789,0.00145471686891,0.000628160752702,0.00124523307949,1.39766623842e-05,-0.000145694245022,-0.000215009570814,-6.00815937961e-05,0.00556086560607,0.000410151582184
-0.0238705408136,-0.000983148237532,0.000899404054063,9.32033413355e-05,-0.00165916716047,0.000323264105985,-0.000265944931173,-0.000342068730749,0.000921691149603,-0.000304126175221,0.000410151582184,0.00633862378424
