The first line is mean vector, the rest are inversed covariance matrix.
35.5778294434,-102.324719928,-12.0977701975,21.3091184919,74.4542082585,-13.6906104129,-56.4671328546,-19.3257540395,-1.59142728905,0.059868940754,16.5793913824,30.2394003591
0.0795967511738,0.00191584851549,-0.00448722265308,-0.0023374738973,0.00271256896508,-0.000509051648654,0.00190535263754,0.00412805543018,-0.00326517298734,0.00240830709602,-0.0039965542831,-0.00305095120409
0.00191584851549,0.000730959278752,-0.000237971159385,-0.000237286617363,0.00023333422101,-0.000265888948812,8.95242969199e-05,8.54674225562e-05,-0.000394398169476,0.000322805935383,-0.00028164077808,-6.48065105731e-05
-0.00448722265308,-0.000237971159385,0.0014417930695,0.00012858666266,-0.000819831953551,0.000157259640441,-0.000786887632141,-0.000393152883602,0.000313183463225,-0.000118973462371,-6.7848909196e-05,0.000816273795196
-0.0023374738973,-0.000237286617363,0.00012858666266,0.00069548036891,-0.000253949431461,0.000241665210642,-1.97206512487e-05,-0.000381409431258,0.000222195420509,-0.000120584798405,0.000653148096477,2.34859116523e-05
0.00271256896508,0.00023333422101,-0.000819831953551,-0.000253949431461,0.00211300296037,-0.00015930943044,0.000656673705154,0.000458530801269,-0.000731817777982,1.36692219945e-05,-0.000242187847542,-0.000389636042219
-0.000509051648654,-0.000265888948812,0.000157259640441,0.000241665210642,-0.00015930943044,0.000953074422703,-0.000516380314833,0.000113601655322,0.00031580910278,0.000298331218385,0.00043561347317,6.77134802303e-05
0.00190535263754,8.95242969199e-05,-0.000786887632141,-1.97206512487e-05,0.000656673705154,-0.000516380314833,0.00233400966772,0.000109239312447,-0.000402087106398,-0.000461580323499,-9.75927073037e-05,-0.000949756155951
0.00412805543018,8.54674225562e-05,-0.000393152883602,-0.000381409431258,0.000458530801269,0.000113601655322,0.000109239312447,0.00215193511304,-0.000498377152148,0.00057672033408,-0.000415464836263,3.11633320609e-05
-0.00326517298734,-0.000394398169476,0.000313183463225,0.000222195420509,-0.000731817777982,0.00031580910278,-0.000402087106398,-0.000498377152148,0.00406335064577,0.000310388169431,0.00029158073729,0.00090776181439
0.00240830709602,0.000322805935383,-0.000118973462371,-0.000120584798405,1.36692219945e-05,0.000298331218385,-0.000461580323499,0.00057672033408,0.000310388169431,0.00397280734589,-0.000414751785435,0.000496410897996
-0.0039965542831,-0.00028164077808,-6.7848909196e-05,0.000653148096477,-0.000242187847542,0.00043561347317,-9.75927073037e-05,-0.000415464836263,0.00029158073729,-0.000414751785435,0.00330772456217,-8.03445714207e-05
-0.00305095120409,-6.48065105731e-05,0.000816273795196,2.34859116523e-05,-0.000389636042219,6.77134802303e-05,-0.000949756155951,3.11633320609e-05,0.00090776181439,0.000496410897996,-8.03445714207e-05,0.00329033937158
