The first line is mean vector, the rest are inversed covariance matrix.
43.9028663522,-42.2949355346,36.0281305031,-3.77387735849,-12.3441022013,-3.27860377358,-1.68543081761,-8.06763836478,8.08068396226,-5.11905031447,-1.23620440252,1.47181918239
0.0578696419477,-0.00217894790509,-0.00343655888152,-0.000182736086069,-0.00176330814739,0.00276242969946,0.00166043132017,0.000543262460711,-0.00129740319758,0.000326559866993,-0.000391192085478,0.000414948331581
-0.00217894790509,0.000525723766792,0.000175568396737,1.36014352659e-05,-5.20512697771e-05,-0.000232023630467,4.06228675633e-05,0.000156272163114,-6.01325984259e-05,0.000129211135169,-0.000120771537166,8.16690178871e-05
-0.00343655888152,0.000175568396737,0.000792707375837,-0.00017795792256,2.7321896628e-05,-0.000226548716795,-0.000417608109784,-0.00028144700554,7.97340077153e-05,-0.000214234727245,-0.000335645372477,0.000143960600573
-0.000182736086069,1.36014352659e-05,-0.00017795792256,0.000806653777394,2.84385601138e-06,0.000309240088619,-5.10068817889e-06,0.000131772148043,-5.95572620078e-05,0.000219823908343,0.000578413458867,-0.000197177085974
-0.00176330814739,-5.20512697771e-05,2.7321896628e-05,2.84385601138e-06,0.00140260806799,-0.000169285342028,-0.000186065444429,3.12167696854e-05,-1.02517021853e-05,0.000191496668329,0.000173230433879,-0.00030108459142
0.00276242969946,-0.000232023630467,-0.000226548716795,0.000309240088619,-0.000169285342028,0.00160777477514,2.31520818603e-05,0.000189101094155,-0.000186895948518,0.000164334151647,0.00016406056655,4.34730885036e-06
0.00166043132017,4.06228675633e-05,-0.000417608109784,-5.10068817889e-06,-0.000186065444429,2.31520818603e-05,0.00127183840657,0.000254740892577,-8.43759428527e-05,0.000230374143679,-9.48232887175e-05,2.27722430284e-05
0.000543262460711,0.000156272163114,-0.00028144700554,0.000131772148043,3.12167696854e-05,0.000189101094155,0.000254740892577,0.00202139678479,-0.000584048382613,0.000471365826319,0.000252408669906,4.92185218668e-05
-0.00129740319758,-6.01325984259e-05,7.97340077153e-05,-5.95572620078e-05,-1.02517021853e-05,-0.000186895948518,-8.43759428527e-05,-0.000584048382613,0.00277335827103,-0.000548816198859,4.12583912308e-05,-7.02794722657e-05
0.000326559866993,0.000129211135169,-0.000214234727245,0.000219823908343,0.000191496668329,0.000164334151647,0.000230374143679,0.000471365826319,-0.000548816198859,0.00283732831578,0.000381627216102,-0.000198295502645
-0.000391192085479,-0.000120771537166,-0.000335645372477,0.000578413458867,0.000173230433879,0.00016406056655,-9.48232887175e-05,0.000252408669906,4.12583912308e-05,0.000381627216102,0.00402753164441,-0.000150244138906
0.000414948331581,8.16690178871e-05,0.000143960600573,-0.000197177085974,-0.00030108459142,4.34730885036e-06,2.27722430284e-05,4.92185218668e-05,-7.02794722657e-05,-0.000198295502645,-0.000150244138906,0.0030456983859
