The first line is mean vector, the rest are inversed covariance matrix.
34.6048568421,-17.3871178947,55.1088421053,12.6077284211,-19.9386778947,15.8985263158,-4.45978315789,-2.87288631579,4.50847578947,3.97991578947,-7.26564,0.886856842105
0.113176834943,0.000427701970812,-0.00702134822921,-0.0046729400147,0.00166172411319,-0.0041971180217,0.00307249017176,0.00092834425298,-0.00184444521287,0.000452710126776,-0.00191896313157,-0.00177951231597
0.000427701970812,0.000530543227069,-4.57458642818e-07,-0.000175237253801,3.83397246825e-05,-0.000222331678324,1.21223204659e-07,0.000233721780658,-5.03867973741e-05,0.000358222650114,-0.000312329237835,8.58270374183e-05
-0.00702134822921,-4.57458642818e-07,0.00153018832763,0.000215697074653,-0.000461204527662,-0.000165196484656,-0.000398689607778,-0.000172796189648,0.000145292952365,-0.000358120467407,-0.000154335551511,4.37594032549e-05
-0.0046729400147,-0.000175237253801,0.000215697074653,0.000763390015514,-0.000186649711284,0.000454000386469,-0.000179730168836,-7.4203906223e-05,0.000221222515286,-8.51967182557e-05,0.000449514349104,0.000109907430535
0.00166172411319,3.83397246825e-05,-0.000461204527662,-0.000186649711284,0.00159698707217,0.000139220796108,-0.000599127570979,-0.000148776681091,-0.000214796449534,-7.51111353953e-05,9.05251333698e-05,0.000252831580342
-0.0041971180217,-0.000222331678324,-0.000165196484656,0.000454000386469,0.000139220796108,0.00135604747073,-0.000202489988534,-0.0003682467465,0.000384794161315,-0.000359300489096,0.000594339924444,0.000256571308869
0.00307249017176,1.21223204659e-07,-0.000398689607778,-0.000179730168836,-0.000599127570979,-0.000202489988534,0.00146985901087,0.000123273142021,-1.16803890406e-05,0.000115586292014,-0.000156571650136,-0.000456940731503
0.00092834425298,0.000233721780658,-0.000172796189648,-7.4203906223e-05,-0.000148776681091,-0.0003682467465,0.000123273142021,0.00193883685553,-0.000293576044993,0.000527789454047,0.000319567265062,-0.000243490786306
-0.00184444521287,-5.03867973741e-05,0.000145292952365,0.000221222515286,-0.000214796449534,0.000384794161315,-1.16803890406e-05,-0.000293576044993,0.00269507573631,-0.00048944936896,-0.000160914396765,0.000449955062952
0.000452710126776,0.000358222650114,-0.000358120467407,-8.51967182557e-05,-7.51111353953e-05,-0.000359300489096,0.000115586292014,0.000527789454047,-0.00048944936896,0.00329595175754,0.000118718447794,0.000172291000787
-0.00191896313157,-0.000312329237835,-0.000154335551511,0.000449514349104,9.05251333698e-05,0.000594339924444,-0.000156571650136,0.000319567265062,-0.000160914396765,0.000118718447794,0.00342933960762,5.64606352911e-05
-0.00177951231597,8.58270374183e-05,4.37594032549e-05,0.000109907430535,0.000252831580342,0.000256571308869,-0.000456940731503,-0.000243490786306,0.000449955062952,0.000172291000787,5.64606352911e-05,0.00302026907062
