The first line is mean vector, the rest are inversed covariance matrix.
45.6698159588,38.9537104247,3.89921879022,-8.02083783784,-2.88946589447,-7.64524581725,-26.5672522523,-5.901001287,-0.300665379665,2.17326640927,1.26348519949,3.47805920206
0.0254497208504,-0.000758294399031,-0.00146077265942,-0.000642796400609,-0.000543786803697,-0.000355506696332,0.000485645071808,0.000472218475387,-0.00130222720962,-0.000745469026943,-0.000190288979213,-0.00124681116185
-0.000758294399031,0.000822235104572,0.000270719237414,0.000325444079952,-3.75406328187e-05,9.29715434309e-05,7.64847521257e-05,-0.000220124101729,0.00028438836574,-0.000108852784818,0.000103859469339,0.000225670547177
-0.00146077265942,0.000270719237414,0.000874769412821,0.000144558722354,6.6532240997e-05,6.72185283412e-05,-0.000103901830389,-0.000349258217724,0.000247714244011,-0.000182549791612,2.53324335511e-05,0.000343945249897
-0.000642796400609,0.000325444079952,0.000144558722354,0.00112156164935,0.000109737838737,0.000428484443527,6.59552175449e-05,-2.17235169905e-05,7.91695173061e-05,-0.000217150110972,0.000275048130315,-0.000133086587347
-0.000543786803697,-3.75406328187e-05,6.6532240997e-05,0.000109737838737,0.00133266400466,0.000144018133278,-0.000138026694656,-0.000245966134522,-0.000160802123824,-0.000186902984539,2.90815854428e-05,-0.000526686593891
-0.000355506696332,9.29715434309e-05,6.72185283412e-05,0.000428484443527,0.000144018133278,0.00146487333296,-3.18628288909e-05,0.000175482294796,-0.000156819580771,0.000187973759738,-3.32209738396e-05,-9.01492297721e-05
0.000485645071808,7.64847521257e-05,-0.000103901830389,6.59552175449e-05,-0.000138026694656,-3.18628288909e-05,0.00155359404823,7.87662838228e-05,-0.000105109788062,-4.57284817161e-05,0.000170385642804,-0.000338309451526
0.000472218475387,-0.000220124101729,-0.000349258217724,-2.17235169905e-05,-0.000245966134522,0.000175482294796,7.87662838228e-05,0.00231893555149,-0.000481317248567,0.000364208894685,-0.000252206231149,-0.000365395748814
-0.00130222720962,0.00028438836574,0.000247714244011,7.91695173061e-05,-0.000160802123824,-0.000156819580771,-0.000105109788062,-0.000481317248567,0.00341986936913,-0.000327038884862,-0.000179971522796,0.000634622154369
-0.000745469026943,-0.000108852784818,-0.000182549791612,-0.000217150110972,-0.000186902984539,0.000187973759738,-4.57284817161e-05,0.000364208894685,-0.000327038884862,0.00331062313274,-9.46100301756e-05,-0.000160174622301
-0.000190288979213,0.000103859469339,2.53324335511e-05,0.000275048130315,2.90815854428e-05,-3.32209738396e-05,0.000170385642804,-0.000252206231149,-0.000179971522796,-9.46100301756e-05,0.00352270343947,0.000124379119864
-0.00124681116185,0.000225670547177,0.000343945249897,-0.000133086587347,-0.000526686593891,-9.01492297721e-05,-0.000338309451526,-0.000365395748814,0.000634622154369,-0.000160174622301,0.000124379119864,0.0031793373932
