The first line is mean vector, the rest are inversed covariance matrix.
50.5587868284,16.2738596187,18.6082807626,-6.87433448873,-16.9314540728,-15.4152305026,-3.24002079723,-6.78294454073,-5.01335355286,-2.5931507799,0.894634315425,-2.32545407279
0.0790433382347,-0.00249342819262,-0.00546448240384,0.000929256514035,-0.00212434519987,0.00136469880481,0.00307698979872,0.00233457668525,0.00265985049147,-0.00103597107652,0.00116689544387,0.000514874185774
-0.00249342819262,0.0011332762393,0.000305842154004,0.000205612136611,-0.000230505301563,0.000180919681513,0.000410007749756,1.55352513398e-05,0.000283089619663,0.000125465572923,-0.000227593304269,4.88137186618e-05
-0.00546448240384,0.000305842154004,0.00122587667223,-3.6449499476e-06,0.000154655786535,-0.000186156278954,-0.000108445442436,-0.000370848821231,0.000123854276436,-0.000153108638769,-0.000230824689232,0.000176228408489
0.000929256514035,0.000205612136611,-3.6449499476e-06,0.0010787146464,-3.64864558995e-06,0.000672448156203,0.000242685318786,0.000370692801523,0.000107869486578,0.000289868458268,0.00017569226538,-0.00010915292409
-0.00212434519987,-0.000230505301563,0.000154655786535,-3.64864558995e-06,0.00188986431925,-5.64587045283e-05,-0.000429382634599,-0.000524611955939,-0.000305490716707,3.48574409999e-05,0.000253140121485,-0.000466492729918
0.00136469880481,0.000180919681513,-0.000186156278954,0.000672448156203,-5.64587045283e-05,0.00256973207535,-8.92461122608e-05,0.000275522206943,-0.000108639811562,0.00051316242044,-0.000347782447333,-0.000296415249181
0.00307698979872,0.000410007749756,-0.000108445442436,0.000242685318786,-0.000429382634599,-8.92461122608e-05,0.00301373772459,0.00102459413209,-1.92838062304e-05,0.00063199382354,-0.000298901788134,0.000186063907012
0.00233457668525,1.55352513398e-05,-0.000370848821231,0.000370692801523,-0.000524611955939,0.000275522206943,0.00102459413209,0.00269842631936,-0.000164255431349,0.000667781539656,0.000332458893636,9.69197302166e-06
0.00265985049147,0.000283089619663,0.000123854276436,0.000107869486578,-0.000305490716707,-0.000108639811562,-1.92838062304e-05,-0.000164255431349,0.00358896700468,-0.000259850990491,-0.000140161496613,-0.000707986587413
-0.00103597107652,0.000125465572923,-0.000153108638769,0.000289868458268,3.48574409999e-05,0.00051316242044,0.00063199382354,0.000667781539656,-0.000259850990491,0.00379686745488,-5.92280735889e-05,-0.000388958780277
0.00116689544387,-0.000227593304269,-0.000230824689232,0.00017569226538,0.000253140121485,-0.000347782447333,-0.000298901788134,0.000332458893636,-0.000140161496613,-5.92280735889e-05,0.00491057525041,0.000259846792897
0.000514874185774,4.88137186618e-05,0.000176228408489,-0.00010915292409,-0.000466492729918,-0.000296415249181,0.000186063907012,9.69197302166e-06,-0.000707986587413,-0.000388958780277,0.000259846792897,0.00559181143241
