The first line is mean vector, the rest are inversed covariance matrix.
48.8537631976,24.7531568627,-11.479081448,-12.4080874811,-5.61683710407,-6.08909653092,-15.1154238311,-4.33557315234,-0.378262443439,-1.82052036199,-1.48577526395,4.55039215686
0.0917008063804,-0.00419900096879,-0.00762733980798,-0.00197068130241,-0.00381265651652,0.00130446059883,0.00160853884896,-0.00199546642145,0.000798758557695,-0.00104197811769,-0.0012204722984,-0.00156024251247
-0.00419900096879,0.000775811781651,0.000236676126891,8.90972348256e-05,0.000121985661588,7.05323515094e-05,2.39041977879e-05,-0.000100995617253,0.000329568852439,0.000165493576275,-0.000214273144483,-0.000113190600756
-0.00762733980798,0.000236676126891,0.00127102003808,0.00022987523979,0.000368038300874,-0.000160035437446,-0.000166669427295,9.80328473876e-05,-0.000100918488787,-0.000311165419378,0.000128393458126,0.000426461945774
-0.00197068130241,8.90972348256e-05,0.00022987523979,0.00092075435982,0.000196600835519,0.000227490855362,0.000155297676204,0.000177942521573,-0.000115777997193,-1.92516519768e-05,0.000353262119741,4.35315757574e-05
-0.00381265651652,0.000121985661588,0.000368038300874,0.000196600835519,0.00118086939758,-6.32056755022e-05,-0.000393043988636,-0.000306698140766,-3.32058332282e-05,-0.000109791552892,0.000583053050805,-0.000496383952835
0.00130446059883,7.05323515094e-05,-0.000160035437446,0.000227490855362,-6.32056755022e-05,0.00143940179426,-0.000224450777025,-0.000122614830676,0.000147052169058,0.000280887790788,0.00016686184495,2.04783561149e-05
0.00160853884896,2.39041977879e-05,-0.000166669427295,0.000155297676204,-0.000393043988636,-0.000224450777025,0.00308869885222,5.65945974539e-05,-0.000352008871652,-0.000170342804982,5.42848850928e-05,0.000763207384164
-0.00199546642145,-0.000100995617253,9.80328473876e-05,0.000177942521573,-0.000306698140766,-0.000122614830676,5.65945974539e-05,0.00302802636883,4.71922801432e-05,0.000741780792257,0.000156478873709,-0.000125344087348
0.000798758557695,0.000329568852439,-0.000100918488787,-0.000115777997193,-3.32058332282e-05,0.000147052169058,-0.000352008871652,4.71922801432e-05,0.00272707423591,5.08114633062e-05,-0.000679206234624,-0.000240156652904
-0.00104197811769,0.000165493576275,-0.000311165419378,-1.92516519768e-05,-0.000109791552892,0.000280887790788,-0.000170342804982,0.000741780792257,5.08114633062e-05,0.00376455024795,6.77925147975e-05,-0.00054684493767
-0.0012204722984,-0.000214273144483,0.000128393458126,0.000353262119741,0.000583053050805,0.00016686184495,5.42848850928e-05,0.000156478873709,-0.000679206234624,6.77925147975e-05,0.00457872685409,-0.000180641741066
-0.00156024251247,-0.000113190600756,0.000426461945774,4.35315757574e-05,-0.000496383952835,2.04783561149e-05,0.000763207384164,-0.000125344087348,-0.000240156652904,-0.00054684493767,-0.000180641741066,0.00428240863276
