The first line is mean vector, the rest are inversed covariance matrix.
46.099053616,-13.7718902743,-6.71373441397,-5.71240523691,-17.3412905237,-11.0629700748,17.0397094763,-5.841319202,-1.17432294264,-9.07471571072,-1.6531084788,1.88901496259
0.129798716881,-0.00427415372916,-0.00831126660006,-0.00289106351961,-0.00269360155715,-0.000238879155379,0.00355447309206,0.00342019226312,-0.00096186890675,0.00239482621154,-0.00365109424982,-0.000454454123548
-0.00427415372916,0.00123557665147,0.00054390603392,5.90967980691e-05,-0.000510607935001,-2.58851856092e-05,3.03068382924e-05,0.000220430279838,0.000548863701172,0.00033022054474,-0.000232760904359,3.6320067875e-05
-0.00831126660006,0.00054390603392,0.0017941287981,0.00018593645973,0.0004287502173,0.000121689469705,-0.00083355881719,-0.00054619032431,0.000705232833441,-0.000221141054652,0.000129850044346,0.000709021217607
-0.00289106351961,5.90967980691e-05,0.00018593645973,0.001293452683,0.00021138212625,4.49471022659e-05,0.000337953440232,0.000433292260712,0.000156420636701,3.92294329895e-05,2.3542978463e-05,-2.83194869854e-05
-0.00269360155715,-0.000510607935001,0.0004287502173,0.00021138212625,0.00368958940674,-0.000240162075079,-0.000208768526446,-0.000125271818823,-0.00112257587265,-0.000242906129553,0.000492172633041,-0.00090767164174
-0.000238879155379,-2.58851856092e-05,0.000121689469705,4.49471022659e-05,-0.000240162075079,0.00163847093876,-0.000313002012936,0.00018024104264,-0.000220635738674,0.000551765149479,-0.000215136657147,0.000192160597773
0.00355447309206,3.03068382924e-05,-0.00083355881719,0.000337953440232,-0.000208768526446,-0.000313002012936,0.00410338530812,0.000597109939512,0.000469807600439,0.000160634923047,-0.000268033226436,-0.00087030522081
0.00342019226312,0.000220430279838,-0.00054619032431,0.000433292260712,-0.000125271818823,0.00018024104264,0.000597109939512,0.0032189985883,-0.00035156053958,0.00133706382669,-0.000148854421943,-0.00045717733435
-0.00096186890675,0.000548863701172,0.000705232833441,0.000156420636701,-0.00112257587265,-0.000220635738674,0.000469807600439,-0.00035156053958,0.00350044893633,-0.000539811326198,4.55600996103e-05,-0.00093522691709
0.00239482621154,0.00033022054474,-0.000221141054652,3.92294329895e-05,-0.000242906129553,0.000551765149479,0.000160634923047,0.00133706382669,-0.000539811326198,0.00495472029983,-0.000149268752047,-0.000675541789374
-0.00365109424982,-0.000232760904359,0.000129850044346,2.3542978463e-05,0.000492172633041,-0.000215136657147,-0.000268033226436,-0.000148854421943,4.55600996103e-05,-0.000149268752047,0.00444465825042,-0.00010175179431
-0.000454454123548,3.6320067875e-05,0.000709021217607,-2.83194869854e-05,-0.00090767164174,0.000192160597773,-0.00087030522081,-0.00045717733435,-0.00093522691709,-0.000675541789374,-0.00010175179431,0.00718276717499
