The first line is mean vector, the rest are inversed covariance matrix.
37.0192349515,-27.1894912621,-11.9226019417,-24.8213126214,2.69057281553,-6.99370485437,-1.47805825243,3.71538058252,11.9626757282,3.01207184466,-7.80455145631,8.31501941748
0.0499600554836,-0.000971502302277,-0.00287564405789,-0.00141738106747,-0.00083313215229,-0.000786474028494,0.0011641845007,-0.000554793649382,-0.00115743405138,-0.00226307237792,0.000613059307099,-9.31981595736e-05
-0.000971502302277,0.000502339521694,4.65507874205e-05,0.000135139640826,-0.000109010962638,0.000103550662793,8.26173863711e-05,7.73648444208e-05,9.16066042582e-05,0.000405121136393,-2.98796079887e-06,-4.57703238802e-06
-0.00287564405789,4.65507874205e-05,0.000999494598948,-0.000123721552295,-9.32878580411e-05,-0.000509657801678,-0.000114128903854,-9.21274632728e-05,-0.000321522039423,-0.0003756572103,-0.000388902427786,-0.000135346033277
-0.00141738106747,0.000135139640826,-0.000123721552295,0.00102827912012,4.98276447491e-05,0.000483728893181,0.000364893946668,6.57828839404e-05,0.000177620726652,0.000346878331161,0.00100591063139,-0.000172268507989
-0.00083313215229,-0.000109010962638,-9.32878580411e-05,4.98276447491e-05,0.00122518053954,7.11319066913e-05,-0.000362375553046,-0.000181432460595,-0.000221251297777,-3.75259342265e-05,0.000241026107544,-0.000296544134549
-0.000786474028494,0.000103550662793,-0.000509657801678,0.000483728893181,7.11319066913e-05,0.00202880761615,0.000251551224547,0.000133144601011,0.000449048526611,3.90443344345e-05,0.00100970132827,0.000207092469418
0.0011641845007,8.26173863711e-05,-0.000114128903854,0.000364893946668,-0.000362375553046,0.000251551224547,0.00218450417158,-0.000250241260532,0.000177948866181,-0.000121523123895,0.000303711413649,-0.000250597991984
-0.000554793649382,7.73648444208e-05,-9.21274632728e-05,6.57828839404e-05,-0.000181432460595,0.000133144601011,-0.000250241260532,0.0025795942361,-0.000186978663558,0.000677393514772,-7.79928762247e-06,-0.000189823342178
-0.00115743405138,9.16066042582e-05,-0.000321522039423,0.000177620726652,-0.000221251297777,0.000449048526611,0.000177948866181,-0.000186978663558,0.00201964457185,-0.000219468130931,0.000275351994904,-5.01129843076e-05
-0.00226307237792,0.000405121136393,-0.0003756572103,0.000346878331161,-3.75259342265e-05,3.90443344345e-05,-0.000121523123895,0.000677393514772,-0.000219468130931,0.00372939528656,0.000756634571904,-2.77159498616e-05
0.000613059307099,-2.98796079887e-06,-0.000388902427786,0.00100591063139,0.000241026107544,0.00100970132827,0.000303711413649,-7.79928762247e-06,0.000275351994904,0.000756634571904,0.00463305288728,-0.000424359746586
-9.31981595736e-05,-4.57703238802e-06,-0.000135346033277,-0.000172268507989,-0.000296544134549,0.000207092469418,-0.000250597991984,-0.000189823342178,-5.01129843076e-05,-2.77159498616e-05,-0.000424359746586,0.00383902555197
