The first line is mean vector, the rest are inversed covariance matrix.
35.9874993094,-49.8929599448,-49.3212051105,-9.05825207182,-18.2580359116,1.75400690608,2.4814558011,-8.27976312155,3.04911464088,-5.91045994475,-3.32522720994,9.18219198895
0.0345680645021,0.000295528539268,-0.00251197276163,-0.0015429220869,0.000122966644009,-0.00175449863204,0.00189118903721,0.00167168951875,-0.00255161501056,0.00161805166504,-0.000824195667345,0.00039843671815
0.000295528539268,0.000422755626106,0.000125938337245,1.79510881187e-05,-6.05766810692e-05,-0.000138378396515,0.00010001372663,7.65568349098e-05,1.07455493436e-05,6.50893438957e-06,-3.3777686316e-05,-5.9048319751e-05
-0.00251197276163,0.000125938337245,0.000908873177484,0.000219360917813,-0.000143717199009,8.91028304797e-05,-0.00041378716129,-0.000147324772764,0.000207612418934,-0.000352127334756,2.70979370347e-05,8.24176443147e-06
-0.0015429220869,1.79510881187e-05,0.000219360917813,0.000580815189979,-6.36649261975e-05,6.58280924333e-05,-9.40956613215e-05,6.63919240528e-05,0.000239650904527,-0.000200141044138,0.000119480931591,-6.95405305512e-05
0.000122966644009,-6.05766810692e-05,-0.000143717199009,-6.36649261975e-05,0.00127055517712,-8.65575299874e-05,-2.62098001891e-05,-3.32815657974e-05,2.14452453829e-05,3.64871682876e-05,-5.36618755568e-05,-0.000179773509888
-0.00175449863204,-0.000138378396515,8.91028304797e-05,6.58280924333e-05,-8.65575299874e-05,0.000980776834411,-0.000266025787368,-0.000127398887955,-0.000206473082492,0.000302393735921,8.46821126376e-05,0.000117288031112
0.00189118903721,0.00010001372663,-0.00041378716129,-9.40956613215e-05,-2.62098001891e-05,-0.000266025787368,0.00210071336421,0.000185933024354,0.000284848354142,0.000546109025722,-0.000161757684283,-0.000221354373761
0.00167168951875,7.65568349098e-05,-0.000147324772764,6.63919240528e-05,-3.32815657974e-05,-0.000127398887955,0.000185933024354,0.00190194502241,-7.21430386334e-06,0.000321772921508,0.000121052407988,0.000101295802656
-0.00255161501056,1.07455493436e-05,0.000207612418934,0.000239650904527,2.14452453829e-05,-0.000206473082492,0.000284848354142,-7.21430386334e-06,0.00294569500806,-0.00034122027532,0.00023450698053,-0.000104943647708
0.00161805166504,6.50893438957e-06,-0.000352127334756,-0.000200141044138,3.64871682876e-05,0.000302393735921,0.000546109025722,0.000321772921508,-0.00034122027532,0.00297110355303,-0.0002222537378,0.000165369014273
-0.000824195667345,-3.3777686316e-05,2.70979370347e-05,0.000119480931591,-5.36618755568e-05,8.46821126376e-05,-0.000161757684283,0.000121052407988,0.00023450698053,-0.0002222537378,0.00294726178955,7.37613406806e-05
0.00039843671815,-5.9048319751e-05,8.24176443147e-06,-6.95405305512e-05,-0.000179773509888,0.000117288031112,-0.000221354373761,0.000101295802656,-0.000104943647708,0.000165369014273,7.37613406806e-05,0.00334106287141
