The first line is mean vector, the rest are inversed covariance matrix.
46.6943626571,60.0802082585,30.7214416517,-5.08928186715,20.6838635548,-17.2225116697,7.88976840215,1.88443626571,-12.0095834829,-3.23178815081,-1.45820287253,3.34178276481
0.017559530049,0.000463401420721,-0.00173974245637,0.000170202730001,-0.000685772858393,-0.000312940819183,0.00126840688004,0.00136475643889,-0.000854312635746,0.000875914911572,-0.000183731645656,0.000478257580913
0.000463401420721,0.00115298338458,0.000185483978827,0.000164698676106,0.000369059210427,0.000189554161604,-7.71337018658e-05,-0.00018778242211,0.000210431497763,-0.000194441650107,-1.8591310863e-05,-0.000216034394117
-0.00173974245637,0.000185483978827,0.00148918418525,-0.000207766258755,0.00032304667376,0.0002207385872,-0.00108063477992,-0.000409407693131,0.000190531885798,-0.00021149930717,-0.000451178621082,0.000533339116181
0.000170202730001,0.000164698676106,-0.000207766258755,0.00204719320449,0.000329649008928,0.000718835904177,-0.000378440514933,0.000767738049118,0.000108102057719,-0.000209778799392,0.000621119390557,-7.51533299482e-06
-0.000685772858393,0.000369059210427,0.00032304667376,0.000329649008928,0.00134461676605,0.000259908731719,-0.000434769069697,-0.000379449368703,0.000194776872932,-0.000331145255084,0.000485391159649,0.000331244105057
-0.000312940819183,0.000189554161604,0.0002207385872,0.000718835904177,0.000259908731719,0.00265196867986,-0.000318549850389,0.000356831257824,0.00022849012203,0.000493874725392,-0.000482600841286,0.000821614253864
0.00126840688004,-7.71337018658e-05,-0.00108063477992,-0.000378440514933,-0.000434769069697,-0.000318549850389,0.00275350724834,-0.000260553529451,-0.000363881817939,0.000155649163946,0.000324597811349,-0.000972206429363
0.00136475643889,-0.00018778242211,-0.000409407693131,0.000767738049118,-0.000379449368703,0.000356831257824,-0.000260553529451,0.00491891729859,-0.000573272472116,0.00129696858527,-0.000378152527939,0.000245146925214
-0.000854312635746,0.000210431497763,0.000190531885798,0.000108102057719,0.000194776872932,0.00022849012203,-0.000363881817939,-0.000573272472116,0.00320368109159,-0.0014124544223,-0.000285693971891,-0.000824262011141
0.000875914911572,-0.000194441650107,-0.00021149930717,-0.000209778799392,-0.000331145255084,0.000493874725392,0.000155649163946,0.00129696858527,-0.0014124544223,0.00607532318824,9.19064393404e-05,0.000104554378649
-0.000183731645656,-1.8591310863e-05,-0.000451178621082,0.000621119390557,0.000485391159649,-0.000482600841286,0.000324597811349,-0.000378152527939,-0.000285693971891,9.19064393404e-05,0.00679924811982,-0.000562135658254
0.000478257580913,-0.000216034394117,0.000533339116181,-7.51533299482e-06,0.000331244105057,0.000821614253864,-0.000972206429363,0.000245146925214,-0.000824262011141,0.000104554378649,-0.000562135658254,0.00417544667846
