The first line is mean vector, the rest are inversed covariance matrix.
46.3178841463,-33.5226443089,9.94903252033,-4.67492682927,-7.94574593496,-4.76614430894,6.37575203252,-9.99376829268,2.59627439024,-1.98858536585,-0.301945121951,1.39315650407
0.0729508797615,-0.00120910244552,-0.00620965116182,-0.0012996944905,-0.00324685803037,-0.00014178002519,0.00398284468908,0.00145484904145,0.000902796525275,0.000715297131389,-0.00142117603654,-0.00258761000997
-0.00120910244552,0.000730743430335,0.000241119928362,-3.14659930789e-05,0.000174591598596,-0.000201314898631,0.000310499322499,-0.000146369470617,2.15714243528e-05,-9.20252844568e-05,1.4503633256e-06,0.0001063724204
-0.00620965116182,0.000241119928362,0.00132107638216,8.97312759503e-05,0.000247304107642,7.94851675315e-06,-0.000702061648236,-0.000523127777211,0.000247541384678,-0.00024220508065,-1.56067957175e-05,0.00101556436994
-0.0012996944905,-3.14659930789e-05,8.97312759503e-05,0.000737751160804,0.000126741999925,0.000179188699519,-6.84288050199e-05,3.83578568626e-05,-0.000127801879184,6.94094459545e-05,0.00017416024491,-2.20461103206e-05
-0.00324685803037,0.000174591598596,0.000247304107642,0.000126741999925,0.00145209873983,-7.44869020791e-05,-0.000353518546677,-0.000283321277741,-0.000630582902554,-0.000316788185677,0.000287119233534,-0.000445838497902
-0.00014178002519,-0.000201314898631,7.94851675315e-06,0.000179188699519,-7.44869020791e-05,0.00106239849894,-0.000255455898075,9.33081548637e-05,-4.51415457999e-05,0.000222393284908,-9.37956978979e-05,0.00040116350143
0.00398284468908,0.000310499322499,-0.000702061648236,-6.84288050199e-05,-0.000353518546677,-0.000255455898075,0.00247921804038,0.000489050491602,-0.000113950211777,0.00015247463886,-0.000269144380634,-0.000789759055718
0.00145484904145,-0.000146369470617,-0.000523127777211,3.83578568626e-05,-0.000283321277741,9.33081548637e-05,0.000489050491602,0.00244723357183,-0.000355827445411,0.000585882197815,0.0002401453645,-0.000210392560181
0.000902796525275,2.15714243528e-05,0.000247541384678,-0.000127801879184,-0.000630582902554,-4.51415457999e-05,-0.000113950211777,-0.000355827445411,0.00214264241836,-0.000335314402655,-0.000175631222762,0.000197785612556
0.000715297131389,-9.20252844568e-05,-0.00024220508065,6.94094459545e-05,-0.000316788185677,0.000222393284908,0.00015247463886,0.000585882197815,-0.000335314402655,0.00299863145409,-0.000148992843106,-0.000105093697425
-0.00142117603654,1.4503633256e-06,-1.56067957175e-05,0.00017416024491,0.000287119233534,-9.37956978979e-05,-0.000269144380634,0.0002401453645,-0.000175631222762,-0.000148992843106,0.00343714633663,0.000111917571714
-0.00258761000997,0.0001063724204,0.00101556436994,-2.20461103206e-05,-0.000445838497902,0.00040116350143,-0.000789759055718,-0.000210392560181,0.000197785612556,-0.000105093697425,0.000111917571714,0.00448735155479
