The first line is mean vector, the rest are inversed covariance matrix.
46.39,-11.649005277,-12.5811635884,-5.28738654354,-24.7615936675,2.49570976253,-5.09855277045,-16.3261147757,3.8177651715,-5.12687730871,0.00454353562005,6.75291688654
0.0848791766859,-0.00240667735394,-0.00516841535092,-0.00189734646549,-0.00187679082708,0.00121422451971,0.00218189794988,0.0014369503526,1.28017675111e-05,0.000129726112615,-0.00191247583583,0.00114632247349
-0.00240667735394,0.000665167596228,0.000316694628022,6.51855122226e-05,0.000161277166343,3.45651185847e-05,7.76272390272e-05,-4.64322295119e-05,1.44533851164e-05,0.000171761888256,-0.000254875881879,0.000111330211185
-0.00516841535092,0.000316694628022,0.0010309272802,0.00026603607713,-1.07667666148e-05,-8.49291633682e-05,-3.59383804029e-05,-0.000304046662446,0.00015495731419,-0.0002043205623,-9.03028357697e-05,2.3018968583e-05
-0.00189734646549,6.51855122226e-05,0.00026603607713,0.000728270918441,9.22705856731e-05,0.000169344997928,7.67720792558e-06,0.000206244564797,-8.87828061334e-05,-0.000138171508865,0.000161883769686,-0.000168451620132
-0.00187679082708,0.000161277166343,-1.07667666148e-05,9.22705856731e-05,0.00171375062282,0.000258278343907,-0.000479347180152,-0.000168542715613,-0.000689825065981,-0.000231184636296,6.12711147129e-05,-4.10252645428e-05
0.00121422451971,3.45651185847e-05,-8.49291633682e-05,0.000169344997928,0.000258278343907,0.00141115937007,-0.00037260217293,0.000172749146489,-0.000196322203283,0.000508386166847,-3.13471468704e-05,0.000328322663649
0.00218189794988,7.76272390272e-05,-3.59383804029e-05,7.67720792558e-06,-0.000479347180152,-0.00037260217293,0.00230992568525,0.000279548309753,-8.61153899501e-05,0.000120345763759,-0.000257218884121,-0.000626774937897
0.0014369503526,-4.64322295119e-05,-0.000304046662446,0.000206244564797,-0.000168542715613,0.000172749146489,0.000279548309753,0.00194648502761,-0.000202301716043,0.000474240569394,0.000328690864177,-0.000255086582442
1.28017675111e-05,1.44533851164e-05,0.00015495731419,-8.87828061334e-05,-0.000689825065981,-0.000196322203283,-8.61153899501e-05,-0.000202301716043,0.00244758249338,0.000149402830933,-7.58224712189e-05,-0.000151473003589
0.000129726112615,0.000171761888256,-0.0002043205623,-0.000138171508865,-0.000231184636296,0.000508386166847,0.000120345763759,0.000474240569394,0.000149402830933,0.00285924981016,-0.00024192060555,-0.000606799729853
-0.00191247583583,-0.000254875881879,-9.03028357697e-05,0.000161883769686,6.12711147129e-05,-3.13471468704e-05,-0.000257218884121,0.000328690864177,-7.58224712189e-05,-0.00024192060555,0.00391005285393,-4.37048878766e-05
0.00114632247349,0.000111330211185,2.3018968583e-05,-0.000168451620132,-4.10252645428e-05,0.000328322663649,-0.000626774937897,-0.000255086582442,-0.000151473003589,-0.000606799729853,-4.37048878766e-05,0.00557829070938
