The first line is mean vector, the rest are inversed covariance matrix.
38.5899979757,-9.06293724696,0.199840080972,11.5097793522,2.78523076923,3.81311336032,-1.63928744939,-8.91890688259,-0.441629554656,0.84382388664,0.237933198381,5.13283603239
0.07026294514,0.000127389633268,-0.00525566544662,-0.00185625363631,0.000298075096716,-0.00215381403967,0.0043793887038,0.00156503363283,-0.00181582821465,-0.0022357514828,0.00202955634695,0.000281137464367
0.000127389633268,0.00053214497881,-2.86886781991e-05,-3.24322199544e-05,8.17659976248e-05,-0.000184997262269,0.000277068877017,3.41673934991e-05,9.01845359319e-05,-1.80325756402e-06,-0.000250982524933,-0.000474127585428
-0.00525566544662,-2.86886781991e-05,0.00116637774144,0.000305701364679,-0.000630901970867,0.000200436864941,-0.000644870233573,-0.000382344619352,0.000843998316802,0.000127861442871,-0.000152295547351,0.000462627381259
-0.00185625363631,-3.24322199544e-05,0.000305701364679,0.000505456467988,-4.74920457439e-05,0.000131341759227,-0.000139904040542,0.000148980704382,0.000111962859495,-2.42186152843e-05,-8.92623416027e-05,-2.36940486367e-05
0.000298075096716,8.17659976248e-05,-0.000630901970867,-4.74920457439e-05,0.00239063898985,-0.000155971139463,0.000440373980333,0.000269147872468,-0.00145390407167,0.000307666419923,7.6728687627e-05,-0.000376080420784
-0.00215381403967,-0.000184997262269,0.000200436864941,0.000131341759227,-0.000155971139463,0.00099057471674,-0.000596557502513,-0.000141518242167,0.000131181861337,0.000383953957816,0.000100625363373,0.000556798960038
0.0043793887038,0.000277068877017,-0.000644870233573,-0.000139904040542,0.000440373980333,-0.000596557502513,0.00312293513141,0.000456671271079,-0.000706129111594,7.39508003195e-05,-0.000389592135303,-0.0007893741649
0.00156503363283,3.41673934991e-05,-0.000382344619352,0.000148980704382,0.000269147872468,-0.000141518242167,0.000456671271079,0.00184231757906,-0.000275453098428,0.000327567145216,0.000499173074476,-0.000450584272153
-0.00181582821465,9.01845359319e-05,0.000843998316802,0.000111962859495,-0.00145390407167,0.000131181861337,-0.000706129111594,-0.000275453098428,0.00345496676538,3.69687219097e-05,-1.40476142458e-05,0.000490714746212
-0.0022357514828,-1.80325756402e-06,0.000127861442871,-2.42186152843e-05,0.000307666419923,0.000383953957816,7.39508003195e-05,0.000327567145216,3.69687219097e-05,0.00246647246151,8.46988719809e-05,3.31534931683e-05
0.00202955634695,-0.000250982524933,-0.000152295547351,-8.92623416027e-05,7.6728687627e-05,0.000100625363373,-0.000389592135303,0.000499173074476,-1.40476142458e-05,8.46988719809e-05,0.00275913256119,0.000268113238553
0.000281137464367,-0.000474127585428,0.000462627381259,-2.36940486367e-05,-0.000376080420784,0.000556798960038,-0.0007893741649,-0.000450584272153,0.000490714746212,3.31534931683e-05,0.000268113238553,0.00657724184374
