The first line is mean vector, the rest are inversed covariance matrix.
44.2017152429,-3.61065829146,35.8107420436,2.97827470687,2.78195812395,-4.70756951424,-11.5979128978,-6.19255778894,11.1084606365,-5.57627470687,-2.33861306533,-0.356827470687
0.116369009993,-0.00123536722992,-0.00515996331841,-0.00347234856609,-0.00201458499426,-0.00199098149123,0.0032860563071,0.00156263534551,-0.00259491121505,0.00209521876234,-0.000697230449229,-0.00256432709487
-0.00123536722992,0.000640614323324,-7.71962711255e-05,-0.000115193384744,-7.56373501585e-05,-0.000194560208767,0.0002877393321,0.00032122374839,7.18629361296e-06,0.000505747690096,-0.000286301987296,-5.90973174494e-05
-0.00515996331841,-7.71962711255e-05,0.00117882991887,1.88710522496e-05,0.000533262995897,-0.000127149067719,-0.000354259031454,-0.000275678776746,-0.000418695746899,-0.000579401646969,-0.00050134164656,7.96401164927e-05
-0.00347234856609,-0.000115193384744,1.88710522496e-05,0.00133444535096,7.08979709405e-05,0.000591745161035,-7.22133546538e-05,0.000115523358551,0.000120254582935,2.84527815941e-05,0.00125425799812,-3.39439200894e-05
-0.00201458499426,-7.56373501585e-05,0.000533262995897,7.08979709405e-05,0.0015643452614,0.000108339229396,-0.000371223971066,-0.000148361564936,-0.000278974012342,0.000368947839467,0.000193603051117,-0.000465586640127
-0.00199098149123,-0.000194560208767,-0.000127149067719,0.000591745161035,0.000108339229396,0.00293499800001,-0.000323272495077,-0.000179532932585,-0.000243552474717,0.000695973833397,0.00114254657508,0.000329084634054
0.0032860563071,0.0002877393321,-0.000354259031454,-7.22133546538e-05,-0.000371223971066,-0.000323272495077,0.00214780641273,5.08207635604e-05,0.000556649304436,0.000243470788085,9.42867035907e-05,-0.000926701619021
0.00156263534551,0.00032122374839,-0.000275678776746,0.000115523358551,-0.000148361564936,-0.000179532932585,5.08207635604e-05,0.00365037142278,-0.000301697631856,0.000938022306811,-0.000385358949878,-0.000187006164836
-0.00259491121505,7.18629361296e-06,-0.000418695746899,0.000120254582935,-0.000278974012342,-0.000243552474717,0.000556649304436,-0.000301697631856,0.00278807031404,-0.000446097872778,0.000337003558034,-0.00078162027033
0.00209521876234,0.000505747690096,-0.000579401646969,2.84527815941e-05,0.000368947839467,0.000695973833397,0.000243470788085,0.000938022306811,-0.000446097872778,0.00369507973273,0.000235822960657,-0.000472655206448
-0.000697230449229,-0.000286301987296,-0.00050134164656,0.00125425799812,0.000193603051117,0.00114254657508,9.42867035907e-05,-0.000385358949878,0.000337003558034,0.000235822960657,0.00691063595645,-3.40760762896e-05
-0.00256432709487,-5.90973174494e-05,7.96401164927e-05,-3.39439200894e-05,-0.000465586640127,0.000329084634054,-0.000926701619021,-0.000187006164836,-0.00078162027033,-0.000472655206448,-3.40760762896e-05,0.00453557845304
