The first line is mean vector, the rest are inversed covariance matrix.
38.8936127321,52.348269496,2.21005251989,-4.57974270557,-11.3150509284,-3.66881856764,0.468803713528,5.85008912467,1.45651830239,7.98786737401,-4.70556445623,1.0380397878
0.0818699627528,0.000527653272678,-0.00478927214579,-0.000983332265954,0.00540511679401,-0.00110556226773,0.000948103406483,0.000151959306915,-0.00582958543907,0.00100025215246,-0.000533844469162,-0.00339664295845
0.000527653272678,0.000824793377863,-0.000359479413719,-0.000172807509504,5.76307930821e-05,5.29974278679e-05,-0.000119887732336,-7.00702386039e-05,-0.000312480518172,-0.000246816634326,-5.89352345498e-05,0.000294580865812
-0.00478927214579,-0.000359479413719,0.00118021971472,0.00010092187297,-0.000522358093851,-0.000100450846184,-0.000354682510272,0.000337179746014,0.000714957753602,0.000666486883423,-0.00017533753678,-0.000123673592599
-0.000983332265954,-0.000172807509504,0.00010092187297,0.00131763552947,0.00031802142477,0.000281932720489,0.000895840132694,-0.000245466125395,-0.000316334522208,0.000379942378378,0.000608263078797,-7.35220983358e-05
0.00540511679401,5.76307930821e-05,-0.000522358093851,0.00031802142477,0.00248807034454,-0.000496395623742,0.00144185860924,4.17782859948e-05,-0.000445575602185,-0.000163379542137,0.000396382286408,0.000104002704113
-0.00110556226773,5.29974278679e-05,-0.000100450846184,0.000281932720489,-0.000496395623742,0.00174147363292,-0.000483682669526,-0.000437784178863,-6.2478471398e-05,-0.000791633860423,0.000135237676952,-0.000454061231464
0.000948103406483,-0.000119887732336,-0.000354682510272,0.000895840132694,0.00144185860924,-0.000483682669526,0.00445675011036,-4.81959634269e-06,-0.00061249391037,-0.000241922219545,0.000651025927831,0.00154548631067
0.000151959306915,-7.00702386039e-05,0.000337179746014,-0.000245466125395,4.17782859948e-05,-0.000437784178863,-4.81959634269e-06,0.0033751303594,-0.00122646257161,0.000712310507988,3.90153342063e-05,0.000143824040124
-0.00582958543907,-0.000312480518172,0.000714957753602,-0.000316334522208,-0.000445575602185,-6.2478471398e-05,-0.00061249391037,-0.00122646257161,0.00938080936804,0.00165466358582,-0.000407756604757,0.00156987017169
0.00100025215246,-0.000246816634326,0.000666486883423,0.000379942378378,-0.000163379542137,-0.000791633860423,-0.000241922219545,0.000712310507988,0.00165466358582,0.00558328667584,9.71691748589e-05,0.000267402044883
-0.000533844469162,-5.89352345498e-05,-0.00017533753678,0.000608263078797,0.000396382286408,0.000135237676952,0.000651025927831,3.90153342063e-05,-0.000407756604757,9.71691748589e-05,0.00387014064743,0.000566175680192
-0.00339664295845,0.000294580865812,-0.000123673592599,-7.35220983358e-05,0.000104002704113,-0.000454061231464,0.00154548631067,0.000143824040124,0.00156987017169,0.000267402044883,0.000566175680192,0.00767770770602
