The first line is mean vector, the rest are inversed covariance matrix.
29.8566505747,-102.511136782,-32.2327494253,-26.8611413793,7.66857241379,-12.2278942529,-10.794854023,-2.2328183908,13.3956770115,8.70442643678,-5.09671724138,3.58761954023
0.112112206961,0.00364774992503,-0.00509586444379,-0.0053167093106,0.00335281189165,-0.00505017605759,-0.00231784547617,0.00620622118897,-0.00912242799087,0.00428492190207,-0.00219217318175,-0.00173576651249
0.00364774992503,0.00062145447718,-1.8508289534e-05,-0.000168745709237,0.000403734861224,-0.000283460966889,-1.99717195491e-05,0.000449246792133,-0.000288693806347,0.000391445436602,-0.000196893990859,-9.33000297187e-06
-0.00509586444379,-1.8508289534e-05,0.000848753692953,0.000163063950683,-0.00040396992732,-0.000221873896702,-0.000101119898195,-0.000405716200122,0.000614244366988,-0.000343443748695,-0.000191922893683,6.68489117216e-05
-0.0053167093106,-0.000168745709237,0.000163063950683,0.00101898574377,-0.000331819766211,0.000300304434218,5.37190266282e-05,-0.000292437276068,0.00043143831863,0.000378356254056,0.000455837573813,0.000135380546642
0.00335281189165,0.000403734861224,-0.00040396992732,-0.000331819766211,0.00132670962162,-2.12224584625e-05,0.000100794102928,0.000458205379487,-0.000345420836823,0.000332897242566,3.84125275797e-05,0.000471205286341
-0.00505017605759,-0.000283460966889,-0.000221873896702,0.000300304434218,-2.12224584625e-05,0.00208982651709,0.000106097832193,4.02053676202e-05,0.000586032961421,-0.000469532123107,0.000588892641379,-5.30422761263e-05
-0.00231784547617,-1.99717195491e-05,-0.000101119898195,5.37190266282e-05,0.000100794102928,0.000106097832193,0.00111251294748,-0.000174344830989,0.000150094581294,-0.000173779822838,0.000439471565053,0.000103083331032
0.00620622118897,0.000449246792133,-0.000405716200122,-0.000292437276068,0.000458205379487,4.02053676202e-05,-0.000174344830989,0.00236322675915,-0.000725160018139,0.00039013561997,0.000450367895596,-0.000188201661285
-0.00912242799087,-0.000288693806347,0.000614244366988,0.00043143831863,-0.000345420836823,0.000586032961421,0.000150094581294,-0.000725160018139,0.00395368578328,-0.000587244110859,0.000459728196423,0.00102090320708
0.00428492190207,0.000391445436602,-0.000343443748695,0.000378356254056,0.000332897242566,-0.000469532123107,-0.000173779822838,0.00039013561997,-0.000587244110859,0.00371477888905,0.0007735690779,0.000267141749193
-0.00219217318175,-0.000196893990859,-0.000191922893683,0.000455837573813,3.84125275797e-05,0.000588892641379,0.000439471565053,0.000450367895596,0.000459728196423,0.0007735690779,0.00581624057199,-0.000136686608484
-0.00173576651249,-9.33000297187e-06,6.68489117216e-05,0.000135380546642,0.000471205286341,-5.30422761263e-05,0.000103083331032,-0.000188201661285,0.00102090320708,0.000267141749193,-0.000136686608484,0.00265196807007
