The first line is mean vector, the rest are inversed covariance matrix.
37.2187081081,-35.7572378378,39.540872973,6.49542702703,13.1063864865,-8.41802702703,-4.18671621622,5.76525135135,-12.9300864865,-2.19334594595,0.345240540541,8.15045675676
0.0526879873489,-0.00171318798801,-0.00152293293239,0.00044042394514,0.00165890625302,0.000630150620913,0.00170666856903,0.000796576231873,-0.00478838685909,-0.00190101185003,0.00135305213322,-0.00286293948077
-0.00171318798801,0.000474579235015,0.000146972258494,5.09373929241e-05,9.72557665304e-06,1.74127862138e-05,-1.96665421306e-05,0.000172509000769,0.000120152182195,0.000333784854893,-0.00024144748417,6.33929853173e-05
-0.00152293293239,0.000146972258494,0.000567149532732,-8.59271912528e-05,3.14186085613e-06,-0.000201291189354,-0.000191120859963,-4.11353505111e-05,0.000226488656105,-0.000145109911731,-0.000499741903083,0.000161849211767
0.00044042394514,5.09373929241e-05,-8.59271912528e-05,0.000576880400959,3.85599014781e-05,0.000204992265303,-1.87614276449e-05,-0.000204736020856,0.000109493835906,0.000100636189704,-1.04603270306e-05,1.28309723894e-05
0.00165890625302,9.72557665304e-06,3.14186085613e-06,3.85599014781e-05,0.00086487171523,0.000127431269992,-0.000201088928067,-0.000129553167235,-0.000352085648426,-0.000144716539651,6.84590420972e-05,5.11565922398e-05
0.000630150620913,1.74127862138e-05,-0.000201291189354,0.000204992265303,0.000127431269992,0.00148148513194,0.000168750683576,-0.000133717755502,6.27831922495e-05,-9.63774029044e-05,0.000135960097212,-0.000198283229035
0.00170666856903,-1.96665421306e-05,-0.000191120859963,-1.87614276449e-05,-0.000201088928067,0.000168750683576,0.00141103397825,-0.000279457116575,1.61994213382e-05,-0.000365335450883,0.00013326699145,-0.000652237777252
0.000796576231873,0.000172509000769,-4.11353505111e-05,-0.000204736020856,-0.000129553167235,-0.000133717755502,-0.000279457116575,0.00217633076445,-3.94315330431e-05,0.000393576229063,-0.000530331531834,3.45197637696e-05
-0.00478838685909,0.000120152182195,0.000226488656105,0.000109493835906,-0.000352085648426,6.27831922495e-05,1.61994213382e-05,-3.94315330431e-05,0.00192058200394,-0.000363296713994,-0.000128881115001,0.00019815190688
-0.00190101185003,0.000333784854893,-0.000145109911731,0.000100636189704,-0.000144716539651,-9.63774029044e-05,-0.000365335450883,0.000393576229063,-0.000363296713994,0.00331101911789,0.000616235410948,0.000327389933604
0.00135305213322,-0.00024144748417,-0.000499741903083,-1.04603270306e-05,6.84590420972e-05,0.000135960097212,0.00013326699145,-0.000530331531834,-0.000128881115001,0.000616235410948,0.00522877271851,9.94169052466e-05
-0.00286293948077,6.33929853173e-05,0.000161849211767,1.28309723894e-05,5.11565922398e-05,-0.000198283229035,-0.000652237777252,3.45197637696e-05,0.00019815190688,0.000327389933604,9.94169052466e-05,0.00266365972161
