The first line is mean vector, the rest are inversed covariance matrix.
43.7281242604,19.0625283178,-21.725887574,5.57842857143,-16.423103973,0.119864750634,-18.2356965342,12.3868157227,10.850158918,7.40717666948,-0.546680473373,0.654781065089
0.0244422465631,-0.000809949129557,-0.00149856761831,-0.000441427219752,0.00210681763531,-0.00105641215614,0.00154532964631,0.00183541857236,-0.00463968121761,0.000741331534012,-0.000479358600816,-0.00082789847699
-0.000809949129557,0.000715880695675,-8.12271304893e-05,-9.70538319309e-06,-0.000434636458489,0.000224235600298,-0.000298016661071,-0.000562154478662,0.000816055363632,1.33807579503e-05,-0.000102301213931,-0.000275041989265
-0.00149856761831,-8.12271304893e-05,0.00078653911136,0.000137225643714,-3.50768668601e-05,-5.77455035084e-05,-1.69533535819e-05,0.000385374966233,0.000497000932792,0.000130864843658,-5.75617010618e-05,-3.13682966969e-05
-0.000441427219752,-9.70538319309e-06,0.000137225643714,0.000852745408999,-5.87372870253e-05,5.65528223585e-05,0.000577128681355,-8.01729191789e-06,-2.35677490547e-05,0.000246469541134,0.000294481204955,-0.000264211620242
0.00210681763531,-0.000434636458489,-3.50768668601e-05,-5.87372870253e-05,0.00230640467458,-0.000845254294611,0.00177903264567,0.000782539417182,-0.000960703812048,0.000489207488232,-2.0106768433e-07,0.000379654251186
-0.00105641215614,0.000224235600298,-5.77455035084e-05,5.65528223585e-05,-0.000845254294611,0.00109214578763,-0.000942462164532,-0.000599826035412,0.000438446280477,-0.000475633901579,-0.000125631844579,6.28839369754e-05
0.00154532964631,-0.000298016661071,-1.69533535819e-05,0.000577128681355,0.00177903264567,-0.000942462164532,0.00447372119125,0.00110453871075,-0.000765423410593,0.000569757913041,0.000157107984837,7.08380626757e-05
0.00183541857236,-0.000562154478662,0.000385374966233,-8.01729191789e-06,0.000782539417182,-0.000599826035412,0.00110453871075,0.00340770422109,-0.00168772358288,0.000390960694907,-0.00021594323752,-0.000389774071675
-0.00463968121761,0.000816055363632,0.000497000932792,-2.35677490547e-05,-0.000960703812048,0.000438446280477,-0.000765423410593,-0.00168772358288,0.00769232646553,0.000295363334446,0.000126230298013,0.00135815446118
0.000741331534012,1.33807579503e-05,0.000130864843658,0.000246469541134,0.000489207488232,-0.000475633901579,0.000569757913041,0.000390960694907,0.000295363334446,0.00388399791158,-0.000274681317078,-6.24586147813e-05
-0.000479358600816,-0.000102301213931,-5.75617010618e-05,0.000294481204955,-2.01067684331e-07,-0.000125631844579,0.000157107984837,-0.00021594323752,0.000126230298013,-0.000274681317078,0.00246413464716,8.74026695103e-05
-0.00082789847699,-0.000275041989265,-3.13682966969e-05,-0.000264211620242,0.000379654251186,6.28839369754e-05,7.08380626757e-05,-0.000389774071675,0.00135815446118,-6.24586147813e-05,8.74026695103e-05,0.00503501803537
