The first line is mean vector, the rest are inversed covariance matrix.
46.6964762143,26.3862158237,-6.08268803205,3.08714471708,20.6829559339,-15.355006009,-8.24301101652,1.31413169755,5.02631547321,3.12135152729,4.63260741112,7.33968002003
0.05398496274,-0.00152176619017,-0.00113218877047,2.69152642629e-05,-0.000112220232311,-6.33307320892e-05,-0.00145383962602,-0.000865016246189,-3.92477073474e-05,0.00083883287839,-0.000961701539493,0.00289568822372
-0.00152176619017,0.000427170408712,7.96498063185e-05,-7.83900972689e-05,-0.000237203104767,-2.950950725e-05,0.000204393824879,7.14093886116e-05,-0.000115757240136,-6.6878303952e-05,-4.69274370986e-05,1.61307844249e-05
-0.00113218877047,7.96498063185e-05,0.000620605885096,-0.00018346454974,-0.000415393696307,-8.30590682395e-05,-9.87422934864e-05,-2.69169019332e-05,0.000587261662634,0.000279378205357,7.61506722874e-05,0.000270947573485
2.69152642629e-05,-7.83900972689e-05,-0.00018346454974,0.00125085906626,-0.000113771510535,0.000236396774831,0.00010007159402,-0.000267342865355,-0.000107976540415,3.19811678043e-05,0.000114251949972,6.32137096019e-06
-0.000112220232311,-0.000237203104767,-0.000415393696307,-0.000113771510535,0.00196921370785,-9.43630361055e-05,0.000340621789371,0.000470774605673,-0.000610013042782,8.91395560247e-05,-0.000133191317639,-0.000910906044065
-6.33307320892e-05,-2.950950725e-05,-8.30590682395e-05,0.000236396774831,-9.43630361055e-05,0.00161465129428,-0.000125563773913,-0.000325252215395,-0.000300081481974,0.000233349912595,-4.05234746836e-05,0.00037299037389
-0.00145383962602,0.000204393824879,-9.87422934864e-05,0.00010007159402,0.000340621789371,-0.000125563773913,0.00245574100893,4.24475714246e-05,0.000349622174533,-9.24785462463e-05,0.000407913025223,0.000384442009927
-0.000865016246189,7.14093886116e-05,-2.69169019332e-05,-0.000267342865355,0.000470774605673,-0.000325252215395,4.24475714246e-05,0.00279180691889,-0.000846206083393,0.000216093862701,-0.000346284712849,-0.000186816355883
-3.92477073474e-05,-0.000115757240136,0.000587261662634,-0.000107976540415,-0.000610013042782,-0.000300081481974,0.000349622174533,-0.000846206083393,0.00483763099116,-0.000224410736366,7.61508844887e-05,0.000913499024428
0.00083883287839,-6.6878303952e-05,0.000279378205357,3.19811678043e-05,8.91395560247e-05,0.000233349912595,-9.24785462463e-05,0.000216093862701,-0.000224410736366,0.0037652684871,-2.72907673237e-05,-0.000170906622655
-0.000961701539493,-4.69274370986e-05,7.61506722874e-05,0.000114251949972,-0.000133191317639,-4.05234746836e-05,0.000407913025223,-0.000346284712849,7.61508844887e-05,-2.72907673237e-05,0.00622565448442,-0.000263225753604
0.00289568822372,1.61307844249e-05,0.000270947573485,6.32137096019e-06,-0.000910906044065,0.00037299037389,0.000384442009927,-0.000186816355883,0.000913499024428,-0.000170906622655,-0.000263225753604,0.00554952316946
