The first line is mean vector, the rest are inversed covariance matrix.
39.6358103774,-55.8010698113,-21.7965839623,-13.6814896226,-10.913690566,-11.3288575472,-11.0002084906,-7.64120849057,3.74342924528,-0.671502830189,2.89149339623,18.6043679245
0.0307684203714,-0.000268619542128,-0.00223333883434,0.000353495831294,0.000958254145898,0.000571232116359,0.00153865859304,0.00144205091584,-0.00357710889501,-0.000398887734219,0.00121962313328,0.000189908683242
-0.000268619542128,0.000623123706203,0.000115074453665,6.7457624929e-05,1.09331487513e-05,-0.000110703375981,2.04214196693e-05,7.47136711439e-05,0.000151237292972,0.000230486478205,3.96502868199e-05,-0.000185765789643
-0.00223333883434,0.000115074453665,0.00126855989692,2.33613779438e-05,-0.000774682701779,7.67761403773e-05,-0.000559028943575,-0.000505292626621,0.000368071125833,-0.000243259876261,0.000166399527044,0.000376010589407
0.000353495831294,6.7457624929e-05,2.33613779438e-05,0.00101909213941,0.000103513815599,0.000419105417628,-0.000340471744523,0.000191497206831,0.000108612561747,-8.62831975511e-05,0.000487410485377,-0.000381866323953
0.000958254145898,1.09331487513e-05,-0.000774682701779,0.000103513815599,0.001401151096,0.000105039853889,0.000382763893824,0.000230807375778,4.80177578679e-05,0.00027734864411,-7.39769852151e-05,-0.000616519700311
0.000571232116359,-0.000110703375981,7.67761403773e-05,0.000419105417628,0.000105039853889,0.00183696824536,-0.000350162703612,0.000321928525563,-0.000137464650464,0.000735732380371,-9.73339853064e-05,8.37736618991e-05
0.00153865859304,2.04214196693e-05,-0.000559028943575,-0.000340471744523,0.000382763893824,-0.000350162703612,0.00211696669911,2.96871710822e-05,-0.000386847253591,-1.58913989398e-05,-8.25043058161e-05,-0.00059108108422
0.00144205091584,7.47136711439e-05,-0.000505292626621,0.000191497206831,0.000230807375778,0.000321928525563,2.96871710822e-05,0.00243179941782,-5.11245521442e-05,0.000747137720734,-0.000345576630246,-0.000196182783027
-0.00357710889501,0.000151237292972,0.000368071125833,0.000108612561747,4.80177578679e-05,-0.000137464650464,-0.000386847253591,-5.11245521442e-05,0.00211953620781,-0.000238314683021,0.000154121841586,0.000372002564873
-0.000398887734219,0.000230486478205,-0.000243259876261,-8.62831975511e-05,0.00027734864411,0.000735732380371,-1.58913989398e-05,0.000747137720734,-0.000238314683021,0.00357483369249,-0.000696016934402,0.000107695840514
0.00121962313328,3.96502868199e-05,0.000166399527044,0.000487410485377,-7.39769852151e-05,-9.73339853064e-05,-8.25043058161e-05,-0.000345576630246,0.000154121841586,-0.000696016934402,0.00458292666121,-8.57262880799e-05
0.000189908683242,-0.000185765789643,0.000376010589407,-0.000381866323953,-0.000616519700311,8.37736618991e-05,-0.00059108108422,-0.000196182783027,0.000372002564873,0.000107695840514,-8.57262880799e-05,0.00325004777327
