The first line is mean vector, the rest are inversed covariance matrix.
38.6471564103,-33.1269820513,38.3015282051,-11.6567307692,26.8521820513,-12.0220205128,-22.7049923077,1.23928205128,20.5043102564,6.33862564103,-3.16111025641,4.83124102564
0.0387793387672,0.000563598726861,-0.00275706929102,0.000162152841011,-0.00184902527671,-0.00071777528255,0.00236055606114,0.000766738875002,-0.000761621444591,0.00300375745175,0.000860765707166,-0.0020887346593
0.000563598726861,0.000372187657493,-5.41040815085e-05,2.0247837936e-06,-8.05182757249e-05,-2.01635785919e-05,7.69448990165e-05,8.22896096294e-05,-0.000249035794279,0.000198391047228,0.000178645134413,-8.30914060193e-06
-0.00275706929102,-5.41040815085e-05,0.00093156780635,-0.000358975552858,0.000120056548342,-0.000244758539139,-0.000419408600065,-3.20281793759e-05,0.000142942040723,-0.000570675338407,-0.000883405612821,0.000264874756429
0.000162152841011,2.0247837936e-06,-0.000358975552858,0.00121835283208,9.63399227493e-05,0.000335145426283,0.00029731816025,-0.000253543937928,-7.1921121395e-05,0.000726031590315,0.00180348918158,-0.000247639477267
-0.00184902527671,-8.05182757249e-05,0.000120056548342,9.63399227493e-05,0.00122290644528,0.000226192271785,-0.000248056517904,-0.000290326352171,8.91551850361e-05,-1.23111823326e-05,-6.11888679861e-05,-0.000418348294843
-0.00071777528255,-2.01635785919e-05,-0.000244758539139,0.000335145426283,0.000226192271785,0.00236264630692,0.000120257841097,-8.94283800529e-05,0.000195041014141,-0.000455585753884,0.000980913323741,0.000205495058741
0.00236055606114,7.69448990165e-05,-0.000419408600065,0.00029731816025,-0.000248056517904,0.000120257841097,0.0017602465488,-6.45186992488e-05,-0.000280286534353,-2.29790825615e-05,0.000967058626343,-1.2795088497e-05
0.000766738875002,8.22896096294e-05,-3.20281793759e-05,-0.000253543937928,-0.000290326352171,-8.94283800529e-05,-6.45186992488e-05,0.00249000199033,-0.000297340988421,2.78600246376e-05,-0.000490055988561,0.000231834651689
-0.000761621444591,-0.000249035794279,0.000142942040723,-7.1921121395e-05,8.91551850361e-05,0.000195041014141,-0.000280286534353,-0.000297340988421,0.00288180949371,-0.000627466577149,-0.000303253642126,-0.000567357412716
0.00300375745175,0.000198391047228,-0.000570675338407,0.000726031590315,-1.23111823326e-05,-0.000455585753884,-2.29790825615e-05,2.78600246376e-05,-0.000627466577149,0.00419910256094,0.00112194498473,-0.00070454647849
0.000860765707166,0.000178645134413,-0.000883405612821,0.00180348918158,-6.11888679861e-05,0.000980913323741,0.000967058626343,-0.000490055988561,-0.000303253642126,0.00112194498473,0.0075357680018,-0.000543337369895
-0.0020887346593,-8.30914060193e-06,0.000264874756429,-0.000247639477267,-0.000418348294843,0.000205495058741,-1.2795088497e-05,0.000231834651689,-0.000567357412716,-0.00070454647849,-0.000543337369895,0.00338841685313
