The first line is mean vector, the rest are inversed covariance matrix.
39.0543235747,-18.8640539291,-61.8279244992,10.5930169492,0.872266563945,13.1530878274,-1.57743297381,-5.06155007704,-3.37839599384,1.00833744222,1.35144684129,5.72349306626
0.0334003582489,-0.000933353458469,-0.00101701716676,-0.00110244395186,-0.00263994714869,0.000242111485388,-8.22246895767e-06,0.00289115514048,-0.00406903020098,0.000390237323404,-0.000751421133525,0.00172343324056
-0.000933353458469,0.000764101458494,-0.000263343472662,-0.000109653954641,-9.05798533711e-06,-0.000122245526812,8.14533194043e-05,-0.00014156632219,0.000633255019591,0.000411977832118,-4.92350295159e-05,-0.00011704450349
-0.00101701716676,-0.000263343472662,0.000707919934882,0.000232427007531,-0.000575790389963,0.000138934444264,-4.23550674002e-05,-8.51432170172e-05,0.00011026191767,-7.21312838848e-05,-3.66873932569e-06,9.11565353919e-05
-0.00110244395186,-0.000109653954641,0.000232427007531,0.000425791073603,-0.000113761053132,6.01516094862e-05,0.000347474272867,-0.000132950314562,7.29804217021e-05,-1.08092818598e-08,8.93909634969e-05,-0.000313463937447
-0.00263994714869,-9.05798533711e-06,-0.000575790389963,-0.000113761053132,0.00283782080679,-0.000537284721074,0.00056475756382,-3.97899279442e-05,-0.000409655947501,-0.000132330396852,-7.5053229414e-05,-0.000244765679972
0.000242111485388,-0.000122245526812,0.000138934444264,6.01516094862e-05,-0.000537284721074,0.00056620859847,-0.000538438642301,-0.000129478070453,-0.000322184757975,-6.13761275571e-05,6.4004365122e-05,0.000346160721358
-8.22246895767e-06,8.14533194043e-05,-4.23550674002e-05,0.000347474272867,0.00056475756382,-0.000538438642301,0.00319245529107,-0.000215383642781,0.000289735371457,-0.000297005216124,6.11700238099e-05,-0.00066169362736
0.00289115514048,-0.00014156632219,-8.51432170172e-05,-0.000132950314562,-3.97899279442e-05,-0.000129478070453,-0.000215383642781,0.00290207870525,-0.000884366548854,0.000645097074407,-0.000192340449911,-0.000389775207732
-0.00406903020098,0.000633255019591,0.00011026191767,7.29804217021e-05,-0.000409655947501,-0.000322184757975,0.000289735371457,-0.000884366548854,0.00596633596483,0.000906515198087,-0.000477497373476,-0.000461470121494
0.000390237323404,0.000411977832118,-7.21312838848e-05,-1.08092818598e-08,-0.000132330396852,-6.13761275571e-05,-0.000297005216124,0.000645097074407,0.000906515198087,0.00407761306191,-0.000939303095212,-0.000436366390014
-0.000751421133525,-4.92350295159e-05,-3.66873932569e-06,8.93909634969e-05,-7.5053229414e-05,6.4004365122e-05,6.11700238099e-05,-0.000192340449911,-0.000477497373476,-0.000939303095212,0.00171536988931,0.000520614701392
0.00172343324056,-0.00011704450349,9.11565353919e-05,-0.000313463937447,-0.000244765679972,0.000346160721358,-0.00066169362736,-0.000389775207732,-0.000461470121494,-0.000436366390014,0.000520614701392,0.00553545430743
