The first line is mean vector, the rest are inversed covariance matrix.
44.7674860681,-38.672130031,-42.4915665635,42.5831431889,18.9533359133,21.9114396285,4.52660139319,-31.0410092879,1.30716021672,-2.69641718266,3.88240247678,0.116377708978
0.048993351053,0.00324664246428,-0.00278750296855,8.46250776287e-05,0.0017653294785,0.000223805652148,0.00268945734324,0.00168039922408,-0.00254491590862,-0.000685468300859,-0.00285568083189,0.00183100711134
0.00324664246428,0.00116570531333,-0.000240832868763,-0.000154007436011,0.000430243263184,-0.000121300776116,0.000380975130599,-0.000561366982361,0.000272021952146,-0.000275225439358,-0.000255084560717,0.00024583694443
-0.00278750296855,-0.000240832868763,0.00110869289241,0.000383039058818,-0.000685756713754,9.70784859501e-05,-0.00036713008385,5.79561366241e-05,0.000768550121481,0.000403887080653,-5.88099325751e-05,-0.000403342664271
8.46250776287e-05,-0.000154007436011,0.000383039058818,0.000793556884131,-3.47587677398e-05,-1.28483678719e-05,0.000304581687914,0.000168358797765,0.000444405659998,-6.94144660169e-05,-0.000185994305276,-0.000186916575804
0.0017653294785,0.000430243263184,-0.000685756713754,-3.47587677398e-05,0.00250530693068,-0.000405457358135,0.00133965317054,8.43304786632e-05,-0.000173446442852,-0.000155226053923,-5.72277423104e-05,0.00012125818565
0.000223805652148,-0.000121300776116,9.70784859501e-05,-1.28483678719e-05,-0.000405457358135,0.000520748076201,-0.000513542820538,-0.000173606785582,-3.30206790755e-05,0.000224855426788,6.86001835518e-05,9.46332774264e-05
0.00268945734324,0.000380975130599,-0.00036713008385,0.000304581687914,0.00133965317054,-0.000513542820538,0.00309013742731,0.000208689675044,0.000139860491964,-0.00038054738446,-0.00029277335175,0.000297428859738
0.00168039922408,-0.000561366982361,5.79561366241e-05,0.000168358797765,8.43304786632e-05,-0.000173606785582,0.000208689675044,0.00249641013887,-0.000150743690904,0.000305144285993,0.000257875814521,-0.000326127911776
-0.00254491590862,0.000272021952146,0.000768550121481,0.000444405659998,-0.000173446442852,-3.30206790755e-05,0.000139860491964,-0.000150743690904,0.00471603758644,0.000837583002557,0.000112574565594,0.00143735141346
-0.000685468300859,-0.000275225439358,0.000403887080653,-6.94144660169e-05,-0.000155226053923,0.000224855426788,-0.00038054738446,0.000305144285993,0.000837583002557,0.00215637677627,-0.000317743524667,0.000389596386339
-0.00285568083189,-0.000255084560717,-5.88099325751e-05,-0.000185994305276,-5.72277423104e-05,6.86001835518e-05,-0.00029277335175,0.000257875814521,0.000112574565594,-0.000317743524667,0.00272628439241,0.000410080992319
0.00183100711134,0.00024583694443,-0.000403342664271,-0.000186916575804,0.00012125818565,9.46332774264e-05,0.000297428859738,-0.000326127911776,0.00143735141346,0.000389596386339,0.000410080992319,0.00697544476014
