The first line is mean vector, the rest are inversed covariance matrix.
34.2580866667,-31.7224583333,-12.2535933333,-31.89217,11.848955,-2.75068,-26.925865,-0.61073,-19.1064866667,-5.46656833333,-8.27601833333,-12.155575
0.03926957997,-0.000640916453811,-0.00152522781541,0.000198470268319,-0.000990739412474,-0.000193146443243,0.00118861145261,0.00118135709043,0.000678003437162,0.00106288164501,0.00179327226574,0.00102948160146
-0.000640916453811,0.000299302850807,6.5593826316e-05,1.6066203409e-05,0.000112183302894,-0.000147535330709,-0.000138021970843,7.78694291993e-05,-6.56321153373e-06,0.000354640477001,4.39474007117e-05,-7.99890510118e-05
-0.00152522781541,6.5593826316e-05,0.000473606109844,-0.000252754280297,1.05869590228e-05,-0.000435568350556,-0.000268173979734,-0.000152684510265,-0.000200223638869,-0.000129579780549,-0.00044401196198,0.000215941323246
0.000198470268319,1.6066203409e-05,-0.000252754280297,0.000590894996742,9.2319417586e-05,0.000335323215971,6.4001670726e-05,8.78971637016e-05,-3.80225265284e-05,0.00039461258187,0.000919024330274,-0.00013847891264
-0.000990739412474,0.000112183302894,1.05869590228e-05,9.2319417586e-05,0.000774177772477,0.00029252871758,-0.000211469124297,-0.000142103522273,-9.0205043419e-05,2.42150711707e-05,8.42227244246e-05,-0.000167155555231
-0.000193146443243,-0.000147535330709,-0.000435568350556,0.000335323215971,0.00029252871758,0.00145551389345,6.06124546338e-06,8.89476118929e-05,2.52684032414e-06,9.72395480875e-05,0.000604270093614,-0.000188961254364
0.00118861145261,-0.000138021970843,-0.000268173979734,6.4001670726e-05,-0.000211469124297,6.06124546338e-06,0.00118517905622,-0.000140938160453,-3.70235709847e-06,-0.000290707155586,0.000160620732369,-0.000216978654096
0.00118135709043,7.78694291993e-05,-0.000152684510265,8.78971637016e-05,-0.000142103522273,8.89476118929e-05,-0.000140938160453,0.00156085926723,0.000169459116337,0.000630877643385,0.000179768901104,-1.76868949044e-05
0.000678003437162,-6.56321153373e-06,-0.000200223638869,-3.80225265284e-05,-9.0205043419e-05,2.52684032414e-06,-3.70235709847e-06,0.000169459116337,0.00126037139556,-0.000109155425563,-1.07035862562e-05,-0.000412870424494
0.00106288164501,0.000354640477001,-0.000129579780549,0.00039461258187,2.42150711707e-05,9.72395480875e-05,-0.000290707155586,0.000630877643385,-0.000109155425563,0.00303923412024,0.000560658147737,-0.000129593407051
0.00179327226574,4.39474007117e-05,-0.00044401196198,0.000919024330274,8.42227244246e-05,0.000604270093614,0.000160620732369,0.000179768901104,-1.07035862562e-05,0.000560658147737,0.00381080424632,-0.000266309913369
0.00102948160146,-7.99890510118e-05,0.000215941323246,-0.00013847891264,-0.000167155555231,-0.000188961254364,-0.000216978654096,-1.76868949044e-05,-0.000412870424494,-0.000129593407051,-0.000266309913369,0.00217748838939
