The first line is mean vector, the rest are inversed covariance matrix.
40.284517934,12.8395157819,15.6921456241,9.12797776184,-4.54200215208,-9.03965136298,0.920926111908,-2.97834218077,4.3424045911,0.269336441894,3.46692252511,1.14047704448
0.0240001832358,0.00134602541194,-0.00133133583039,0.000452227357097,0.00363655670815,-0.000685792045367,0.00139025555468,-2.13516882813e-05,-0.00406725611938,0.00251522831331,-0.00158807937896,-0.000399645588247
0.00134602541194,0.000462966955368,-8.73125830498e-05,-0.000184758108852,0.000258581141804,-0.00013837326433,0.000144626221499,-4.50662858534e-05,-5.03783050237e-05,-3.29680692568e-05,-5.43387638897e-05,0.000352804116793
-0.00133133583039,-8.73125830498e-05,0.000472016348047,1.63311807182e-05,-3.87545472566e-05,-6.86912490925e-05,1.54359113434e-05,0.000190638312279,0.000383005538617,-0.000217334521058,0.000241372600415,0.00022015346111
0.000452227357097,-0.000184758108852,1.63311807182e-05,0.00103896094531,-0.000150097166029,9.52068359321e-05,0.000228342307641,6.40480757856e-05,1.56723378619e-05,-0.000204299975612,0.000338948300894,-0.000100927483863
0.00363655670815,0.000258581141804,-3.87545472566e-05,-0.000150097166029,0.00157248887454,-0.000237785431111,0.000423342742602,0.000255310480958,-7.99925620274e-05,0.00047103936771,-0.000588928502672,8.71978368792e-05
-0.000685792045367,-0.00013837326433,-6.86912490925e-05,9.52068359321e-05,-0.000237785431111,0.00142677493489,-0.000189665882647,-0.000105654307065,-5.64277166681e-05,-0.000144101727701,-0.00050478080977,-0.000133909300726
0.00139025555468,0.000144626221499,1.54359113434e-05,0.000228342307641,0.000423342742602,-0.000189665882647,0.00263453159967,3.16159672435e-05,-0.000137092731158,-0.000361010305288,-8.33990860399e-05,0.000370704069541
-2.13516882813e-05,-4.50662858534e-05,0.000190638312279,6.40480757856e-05,0.000255310480958,-0.000105654307065,3.16159672435e-05,0.00294519683605,-0.000237165756569,0.000365615910739,-0.000341611690568,0.0004895592937
-0.00406725611938,-5.03783050237e-05,0.000383005538617,1.56723378619e-05,-7.99925620274e-05,-5.64277166681e-05,-0.000137092731158,-0.000237165756569,0.00387535620631,-0.000462651019953,0.000321841162917,0.00120748712327
0.00251522831331,-3.29680692568e-05,-0.000217334521058,-0.000204299975612,0.00047103936771,-0.000144101727701,-0.000361010305288,0.000365615910739,-0.000462651019953,0.00418167367794,0.000370245435748,0.000595770935777
-0.00158807937896,-5.43387638897e-05,0.000241372600415,0.000338948300894,-0.000588928502672,-0.00050478080977,-8.33990860399e-05,-0.000341611690568,0.000321841162917,0.000370245435748,0.00518108580289,0.000221863532382
-0.000399645588247,0.000352804116793,0.00022015346111,-0.000100927483863,8.71978368792e-05,-0.000133909300726,0.000370704069541,0.0004895592937,0.00120748712327,0.000595770935777,0.000221863532382,0.00578661428644
