The first line is mean vector, the rest are inversed covariance matrix.
29.5493651267,-163.794970194,14.4416602086,-18.5631162444,67.7679090909,-28.7276751118,12.6489150522,4.9015171386,-10.1570804769,0.944146050671,-4.4718733234,-12.1470014903
0.0399865383347,0.000120092653819,-0.001520000545,-0.00188674950842,-0.00101604957167,-0.00243597501472,-0.00120263276028,0.00291006238805,0.000183630866489,0.00357226183717,-0.000233196575223,-0.00232920868433
0.000120092653819,0.000260130358875,0.000197753545615,-0.000267557384026,-2.87904082548e-05,-0.000284657857744,-0.000138585190984,0.000117511870778,3.81618912048e-05,-2.03915953412e-05,-0.000179629222106,0.000196802016557
-0.001520000545,0.000197753545615,0.000822623733039,-0.000644641525255,8.27057393611e-05,-0.000889381569006,-0.000216828764339,-0.000124482238847,0.000155888737385,-0.000472948508492,-0.00140344877369,0.000150226375541
-0.00188674950842,-0.000267557384026,-0.000644641525255,0.00195405919595,0.000103801934124,0.00087479545973,0.000563433115611,-0.000644086254622,-0.000273168383938,0.000970505222923,0.00194529756143,-0.000193403584105
-0.00101604957167,-2.87904082548e-05,8.27057393611e-05,0.000103801934124,0.000729725730415,0.000185500988335,0.000195364242783,-0.000347088658862,0.00032438347413,-0.000225040499964,0.000135574247108,-0.000285423917595
-0.00243597501472,-0.000284657857744,-0.000889381569006,0.00087479545973,0.000185500988335,0.00412148022415,0.000659597801654,0.000177449090595,0.000523266755555,-0.00101642712392,0.00244325304936,-0.00041958042396
-0.00120263276028,-0.000138585190984,-0.000216828764339,0.000563433115611,0.000195364242783,0.000659597801654,0.00279678652602,-6.16829761983e-05,0.000616031250894,-0.000403681226036,0.00107810772671,0.000579218113859
0.00291006238805,0.000117511870778,-0.000124482238847,-0.000644086254622,-0.000347088658862,0.000177449090595,-6.16829761983e-05,0.0029959018829,-0.000106838138171,0.000506589776974,0.00111524867352,0.000796029910441
0.000183630866489,3.81618912048e-05,0.000155888737385,-0.000273168383938,0.00032438347413,0.000523266755555,0.000616031250894,-0.000106838138171,0.00209538293348,-0.0012375572203,-0.000375694662212,-0.000185953310048
0.00357226183717,-2.03915953412e-05,-0.000472948508492,0.000970505222923,-0.000225040499964,-0.00101642712392,-0.000403681226036,0.000506589776974,-0.0012375572203,0.00573813983423,0.00331755065235,0.000268043404093
-0.000233196575223,-0.000179629222106,-0.00140344877369,0.00194529756143,0.000135574247108,0.00244325304936,0.00107810772671,0.00111524867352,-0.000375694662212,0.00331755065235,0.0133396829682,-0.000921391605761
-0.00232920868433,0.000196802016557,0.000150226375541,-0.000193403584105,-0.000285423917595,-0.00041958042396,0.000579218113859,0.000796029910441,-0.000185953310048,0.000268043404093,-0.000921391605761,0.00524913707866
