The first line is mean vector, the rest are inversed covariance matrix.
34.2502357357,0.0995015015015,96.2580540541,23.5023663664,-11.0808753754,34.4906966967,-5.08052702703,5.50254954955,19.1762357357,-3.1732987988,-7.57855255255,2.9673003003
0.0544934617915,-0.00042832268006,-0.00202445547422,-0.000546893237262,0.00252522757736,-0.000150123224955,0.000688658388429,0.00150805022816,-0.00779879712163,0.00163350760368,-0.000748818060384,-0.00548031450487
-0.00042832268006,0.000355990080032,-0.000130083606619,-7.87291799982e-06,-0.000170777166481,-0.000129546595587,0.000300048314793,0.000147409360941,-0.000244734641212,4.52117791008e-05,-2.13502315989e-05,3.49592163068e-05
-0.00202445547422,-0.000130083606619,0.000581390614506,-1.8487180139e-05,-0.000142774422572,-2.33666002068e-05,-0.000428001996674,7.37627204543e-05,0.000305103562091,2.82934027386e-05,-0.000269638987026,0.000148433352041
-0.000546893237262,-7.87291799982e-06,-1.8487180139e-05,0.000361716427673,-0.000139491767755,8.33304965159e-05,0.000209744986494,4.57687752649e-05,0.000153519902504,0.000289345830671,0.000303377612785,2.37799723607e-05
0.00252522757736,-0.000170777166481,-0.000142774422572,-0.000139491767755,0.00250675683704,-0.000211867274553,-0.000486380753503,-0.00031629423672,0.000129643824065,-0.000287529155234,0.00014424073228,0.000443595947483
-0.000150123224955,-0.000129546595587,-2.33666002068e-05,8.33304965159e-05,-0.000211867274553,0.000679348425236,-0.000340060759395,-0.000247878772117,-3.32693737095e-05,0.000140353980375,0.000188040980538,-0.00022997594018
0.000688658388429,0.000300048314793,-0.000428001996674,0.000209744986494,-0.000486380753503,-0.000340060759395,0.00268161276478,-5.0117790453e-05,0.00024081484908,-0.000285717132243,0.000247857886126,0.000106852270817
0.00150805022816,0.000147409360941,7.37627204543e-05,4.57687752649e-05,-0.00031629423672,-0.000247878772117,-5.0117790453e-05,0.00226724244765,-0.000183868387681,0.00066408267785,-9.08262246935e-05,0.00013240417596
-0.00779879712163,-0.000244734641212,0.000305103562091,0.000153519902504,0.000129643824065,-3.32693737095e-05,0.00024081484908,-0.000183868387681,0.00397078945902,0.00030695044344,2.54377924076e-05,0.00184868830426
0.00163350760368,4.52117791008e-05,2.82934027386e-05,0.000289345830671,-0.000287529155234,0.000140353980375,-0.000285717132243,0.00066408267785,0.00030695044344,0.00383926822018,-0.000116888058824,0.000828635816832
-0.000748818060384,-2.13502315989e-05,-0.000269638987026,0.000303377612785,0.00014424073228,0.000188040980538,0.000247857886126,-9.08262246935e-05,2.54377924076e-05,-0.000116888058824,0.00160993666827,7.55459456418e-05
-0.00548031450487,3.49592163068e-05,0.000148433352041,2.37799723607e-05,0.000443595947483,-0.00022997594018,0.000106852270817,0.00013240417596,0.00184868830426,0.000828635816832,7.55459456418e-05,0.0035877560755
