The first line is mean vector, the rest are inversed covariance matrix.
35.5833651163,-45.033827907,31.8486906977,-12.0263232558,20.6332186047,-10.036855814,-12.075172093,-0.139630232558,5.84181860465,-0.993288372093,-1.66495581395,6.55063953488
0.059101121803,-0.000497731963981,-0.00273868747396,-0.00100202729036,-0.000556917124644,-0.00218751004654,0.00247635859554,-0.000100292136153,-0.00275988137363,-0.000272118014715,0.000826938753923,-0.00180920971888
-0.000497731963981,0.000286193773291,2.41782320278e-05,5.2998109081e-06,3.04121842048e-05,-0.000119395609761,2.57730588636e-05,7.51925103804e-05,1.20027773078e-05,0.000210709339087,1.37775776597e-05,-7.93983650197e-05
-0.00273868747396,2.41782320278e-05,0.000677665741161,-0.000155714721038,-0.000185882906851,-0.000176391964875,-0.000338737209629,-0.000104199549725,0.000250286941558,-6.72239656134e-05,-0.000567283217494,8.08032880048e-05
-0.00100202729036,5.2998109081e-06,-0.000155714721038,0.00085926794443,-2.93133057824e-05,0.00034388227515,6.62469353941e-06,-5.10780606703e-06,-3.08225675404e-05,0.000171448873197,0.001031189818,-0.000213196769463
-0.000556917124644,3.04121842048e-05,-0.000185882906851,-2.93133057824e-05,0.00103587178901,4.48789827612e-05,4.85575358842e-05,0.000133925825263,-0.000366320149121,5.45331390509e-05,-6.09996012721e-05,-0.000265509706165
-0.00218751004654,-0.000119395609761,-0.000176391964875,0.00034388227515,4.48789827612e-05,0.00132392882119,7.52787362266e-05,6.89023523281e-05,-4.05129847528e-06,1.97992466607e-05,0.000812107834274,-9.26341128759e-05
0.00247635859554,2.57730588636e-05,-0.000338737209629,6.62469353941e-06,4.85575358842e-05,7.52787362266e-05,0.00131309124981,-0.000124526093436,-0.00065757009206,-0.000359295366639,0.0003261405835,-0.000332252126512
-0.000100292136153,7.51925103804e-05,-0.000104199549725,-5.10780606703e-06,0.000133925825263,6.89023523281e-05,-0.000124526093436,0.00196772169653,-0.000129842766635,0.000429089145666,-0.00039779318076,6.60322671046e-05
-0.00275988137363,1.20027773078e-05,0.000250286941558,-3.08225675404e-05,-0.000366320149121,-4.05129847528e-06,-0.00065757009206,-0.000129842766635,0.00264663509888,-0.000178278441099,0.000152899232735,0.000297092065646
-0.000272118014715,0.000210709339087,-6.72239656134e-05,0.000171448873197,5.45331390509e-05,1.97992466607e-05,-0.000359295366639,0.000429089145666,-0.000178278441099,0.00329159931772,0.000139030496785,0.000132848041561
0.000826938753923,1.37775776597e-05,-0.000567283217494,0.001031189818,-6.09996012721e-05,0.000812107834274,0.0003261405835,-0.00039779318076,0.000152899232735,0.000139030496785,0.00521568341463,-0.000653619704723
-0.00180920971888,-7.93983650197e-05,8.08032880048e-05,-0.000213196769463,-0.000265509706165,-9.26341128759e-05,-0.000332252126512,6.60322671046e-05,0.000297092065646,0.000132848041561,-0.000653619704723,0.00235573454943
