The first line is mean vector, the rest are inversed covariance matrix.
42.4948130769,-38.45292,-10.7017846154,10.3113769231,-28.0389276923,-4.48049615385,-10.5285269231,-0.153046923077,9.05487769231,-1.79725769231,9.20131153846,4.76710846154
0.0684712154422,-0.00169130330463,-0.00319355317315,-0.00199433276686,0.00286893499523,-0.0010975683443,0.000122893154844,0.00165164488002,-0.00225976200684,0.000342819440878,-0.00181627274051,-0.00179422504021
-0.00169130330463,0.000728476819329,2.76445910875e-05,0.000101331162298,-3.07343440485e-06,8.02133207441e-05,2.37217890928e-05,-0.000187389837159,-0.000291212708466,1.74611392761e-05,-0.000272856370054,-0.00030073400131
-0.00319355317315,2.76445910875e-05,0.000595085344959,5.39790649154e-05,8.4051122228e-05,-5.91468112587e-05,-2.61035665667e-05,3.98279547243e-05,0.000230397079769,-0.000105528946989,-1.8415681865e-05,0.000377129995781
-0.00199433276686,0.000101331162298,5.39790649154e-05,0.0007750410072,-0.000147049964855,6.7428804088e-05,0.000472002772486,-0.000197899840386,0.000258900696304,0.000107059770215,0.000157603425793,-2.07091418609e-06
0.00286893499523,-3.07343440485e-06,8.4051122228e-05,-0.000147049964855,0.00143140643533,-0.000275675518807,0.000705813399977,0.000245866065732,-5.61622720393e-05,0.000117950264868,-0.000349502660596,0.00035681828188
-0.0010975683443,8.02133207441e-05,-5.91468112587e-05,6.7428804088e-05,-0.000275675518807,0.00114641585499,-0.000324996418786,-0.000285799946457,0.000115016194107,-0.000180074991903,-0.000607126507874,-0.000157051928924
0.000122893154844,2.37217890928e-05,-2.61035665667e-05,0.000472002772486,0.000705813399977,-0.000324996418786,0.00302933336107,0.000251188621904,0.000566756394366,6.67402227426e-05,0.000175950060972,0.000452319528557
0.00165164488002,-0.000187389837159,3.98279547243e-05,-0.000197899840386,0.000245866065732,-0.000285799946457,0.000251188621904,0.00260997208902,-0.000779181508571,0.000283356516667,0.000165823424594,-0.000343550271584
-0.00225976200684,-0.000291212708466,0.000230397079769,0.000258900696304,-5.61622720393e-05,0.000115016194107,0.000566756394366,-0.000779181508571,0.00540071713947,5.95852494285e-05,6.69266183064e-05,0.00174652449723
0.000342819440878,1.74611392761e-05,-0.000105528946989,0.000107059770215,0.000117950264868,-0.000180074991903,6.67402227426e-05,0.000283356516667,5.95852494285e-05,0.00311449600984,-8.16022193019e-05,0.00020617032212
-0.00181627274051,-0.000272856370054,-1.8415681865e-05,0.000157603425793,-0.000349502660596,-0.000607126507874,0.000175950060972,0.000165823424594,6.69266183064e-05,-8.16022193019e-05,0.00384655273498,0.000116354247285
-0.00179422504021,-0.00030073400131,0.000377129995781,-2.07091418609e-06,0.00035681828188,-0.000157051928924,0.000452319528557,-0.000343550271584,0.00174652449723,0.00020617032212,0.000116354247285,0.00575513872297
