The first line is mean vector, the rest are inversed covariance matrix.
38.9463486647,-40.1257581602,-3.63360237389,-12.8348976261,37.6287388724,-10.2683308605,-29.7698382789,1.69451780415,-20.9215311573,-2.83529080119,0.118421364985,-8.59857121662
0.060895977117,-0.00292911830716,-0.00247688059565,0.000614750061687,0.00143757610597,0.000506310976914,0.000215368646922,0.00140462292899,-0.00120342135885,7.27846281323e-06,0.00189329284863,0.00126450078666
-0.00292911830716,0.00040513630423,0.000278269735859,1.3511655096e-05,-7.40386653201e-06,-0.000144847270697,9.94595020525e-05,0.000202212496319,-0.000297139148922,1.77769142867e-05,4.47416990728e-05,-0.000139536922198
-0.00247688059565,0.000278269735859,0.000776109348068,-0.000444837902312,0.000141888074041,-0.000549991629457,2.65097036229e-05,0.000460213771944,-5.74787657597e-05,-5.72500442884e-05,-0.000512471020807,0.000103081549098
0.000614750061687,1.3511655096e-05,-0.000444837902312,0.00127751542948,0.000181709921273,0.000394038183263,3.98171625626e-05,-0.000664841492036,-0.000103632844008,0.000692159833768,0.000605048748584,-3.62015637597e-05
0.00143757610597,-7.40386653201e-06,0.000141888074041,0.000181709921273,0.00126373559253,0.000159018105967,0.000163657018849,-0.000221435804818,0.000153948598881,0.000108104765372,-4.88799578402e-05,-3.27653138003e-05
0.000506310976914,-0.000144847270697,-0.000549991629457,0.000394038183263,0.000159018105967,0.00207860459947,0.00019274156115,-0.000475098348064,0.000219409559758,-0.000880853471875,-0.000152667030438,0.000150313498197
0.000215368646922,9.94595020525e-05,2.65097036229e-05,3.98171625626e-05,0.000163657018849,0.00019274156115,0.00201236084002,-0.000492671972858,-2.35037625038e-05,-0.000402724495251,-9.91898243529e-05,-0.000263151758458
0.00140462292899,0.000202212496319,0.000460213771944,-0.000664841492036,-0.000221435804818,-0.000475098348064,-0.000492671972858,0.00407282830663,-0.000185251920312,-1.7286309049e-05,0.000345784695661,-0.000244788316349
-0.00120342135885,-0.000297139148922,-5.74787657597e-05,-0.000103632844008,0.000153948598881,0.000219409559758,-2.35037625038e-05,-0.000185251920312,0.0027255551414,-0.000678531530208,0.000373002379706,0.00023240562855
7.27846281323e-06,1.77769142867e-05,-5.72500442884e-05,0.000692159833768,0.000108104765372,-0.000880853471875,-0.000402724495251,-1.7286309049e-05,-0.000678531530208,0.00468147049082,0.000549235808364,1.89056381658e-05
0.00189329284863,4.47416990728e-05,-0.000512471020807,0.000605048748584,-4.88799578402e-05,-0.000152667030438,-9.91898243529e-05,0.000345784695661,0.000373002379706,0.000549235808364,0.00568187610583,-0.000693731615445
0.00126450078666,-0.000139536922198,0.000103081549098,-3.62015637597e-05,-3.27653138003e-05,0.000150313498197,-0.000263151758458,-0.000244788316349,0.00023240562855,1.89056381658e-05,-0.000693731615445,0.00363092960692
