The first line is mean vector, the rest are inversed covariance matrix.
37.3583030534,-5.74892290076,-48.8625427481,8.28017022901,31.4010900763,2.0202870229,-19.2126358779,-15.7958053435,1.47216564885,8.56456793893,3.16457175573,6.37751374046
0.0871385424434,0.000152958605459,-0.0023119802139,-0.00295619195614,-0.00145013018053,-0.00134243589964,6.96664419562e-05,0.00195318912316,-0.00246401994787,0.000524793190773,-0.00208000391844,-0.00221140408649
0.000152958605459,0.000538997034713,9.1662956278e-05,-0.000143716275442,0.000470514796954,-0.000335402505669,0.000295219490011,0.00025551801132,-0.000576278302276,0.000102618124169,-8.91246133224e-05,-0.000344218645848
-0.0023119802139,9.1662956278e-05,0.00086822589315,0.000201325423479,-0.000141657197308,3.74153795268e-05,-0.000359365579326,-0.000329090831576,0.000677996557193,-4.80095573511e-05,3.8773918328e-05,0.000537350563998
-0.00295619195614,-0.000143716275442,0.000201325423479,0.000935920172501,-0.000331765295651,0.000218995530535,6.94888503221e-05,-0.00013629313269,7.17914200924e-05,9.87793127404e-05,0.000134093612794,0.000242843819011
-0.00145013018053,0.000470514796954,-0.000141657197308,-0.000331765295651,0.00183055727346,-0.000506896478483,0.000647660823024,0.000334090241458,-0.000811136653864,-0.000153927583534,-0.000203960942136,-0.000195164984361
-0.00134243589964,-0.000335402505669,3.74153795268e-05,0.000218995530535,-0.000506896478483,0.00132665604591,-0.000632231273488,-0.000131546860876,0.000578633951533,5.32653725622e-05,4.08165287957e-05,0.000166867867744
6.96664419561e-05,0.000295219490011,-0.000359365579326,6.94888503221e-05,0.000647660823024,-0.000632231273488,0.00319825534987,0.000563440039103,-0.00155492165708,-0.000415246517651,0.00013653022722,-0.00025247184811
0.00195318912316,0.00025551801132,-0.000329090831576,-0.00013629313269,0.000334090241458,-0.000131546860876,0.000563440039103,0.00176942769475,-0.000571770127997,2.21283540319e-05,0.000627917846631,-0.000383908646396
-0.00246401994787,-0.000576278302276,0.000677996557193,7.17914200924e-05,-0.000811136653864,0.000578633951533,-0.00155492165708,-0.000571770127997,0.00575137879092,0.000831011668557,0.000605953125914,0.002482752007
0.000524793190773,0.000102618124169,-4.80095573511e-05,9.87793127404e-05,-0.000153927583534,5.32653725622e-05,-0.000415246517651,2.21283540319e-05,0.000831011668557,0.00176343866095,4.21246615592e-05,0.000450534149695
-0.00208000391844,-8.91246133224e-05,3.8773918328e-05,0.000134093612794,-0.000203960942136,4.08165287957e-05,0.00013653022722,0.000627917846631,0.000605953125914,4.21246615592e-05,0.00376179278291,-0.000127604070978
-0.00221140408649,-0.000344218645848,0.000537350563998,0.000242843819011,-0.000195164984361,0.000166867867744,-0.00025247184811,-0.000383908646396,0.002482752007,0.000450534149695,-0.000127604070978,0.00401987493232
