The first line is mean vector, the rest are inversed covariance matrix.
38.6093649123,-24.9695333333,0.635180701754,-24.0490157895,17.1955508772,-21.6474649123,-3.29115263158,0.32659122807,16.518654386,1.36238421053,-1.70192807018,18.6280842105
0.052890080942,-0.000613996590555,-0.00210352121653,-0.00123438500885,-0.00122769386977,-0.00181066520477,0.0016849571956,0.000114354543336,-0.00141280734906,-0.00068876725385,0.000750798470275,-0.00142308228124
-0.000613996590555,0.000452838607217,3.39089434791e-05,6.23760062273e-05,-1.70838340393e-05,-6.42993535024e-05,-8.10998683844e-05,0.000194498109397,-0.000176139880261,0.000523872542048,5.3932807847e-05,-0.000191252940895
-0.00210352121653,3.39089434791e-05,0.00110132274419,-0.000575295232895,-0.000147328675164,-0.000181428721122,-0.00070441060859,-8.02684541513e-05,0.000148595467888,-0.000242100911605,-0.00139126183602,0.000341830918033
-0.00123438500885,6.23760062273e-05,-0.000575295232895,0.00194211890499,2.17559683099e-05,0.000975067658105,0.00055211891121,-0.000158622215959,-8.11381263532e-06,6.15426547118e-05,0.00291499251962,-0.000364068347689
-0.00122769386977,-1.70838340393e-05,-0.000147328675164,2.17559683099e-05,0.00157648424464,-0.000198889253395,-0.000309721908427,-0.000166564061424,-0.000597992654479,-3.21468153172e-05,0.000494587014163,3.94975859131e-05
-0.00181066520477,-6.42993535024e-05,-0.000181428721122,0.000975067658105,-0.000198889253395,0.00350710741078,0.000658755960611,6.36705936732e-05,5.36660323054e-05,0.000303688120125,0.00253134548707,-0.000303817000394
0.0016849571956,-8.10998683844e-05,-0.00070441060859,0.00055211891121,-0.000309721908427,0.000658755960611,0.00302036770866,-0.000348212919196,-0.000262227889841,-0.000732691174817,0.00148649786346,-0.000512635121406
0.000114354543336,0.000194498109397,-8.02684541513e-05,-0.000158622215959,-0.000166564061424,6.36705936732e-05,-0.000348212919196,0.00302824513252,-0.000157577107377,0.000400373068429,-0.000755743005347,-7.68517362312e-05
-0.00141280734906,-0.000176139880261,0.000148595467888,-8.11381263532e-06,-0.000597992654479,5.36660323054e-05,-0.000262227889841,-0.000157577107377,0.0026217494226,-0.000190489500315,4.0101535579e-05,0.000450249926953
-0.00068876725385,0.000523872542048,-0.000242100911605,6.15426547118e-05,-3.21468153172e-05,0.000303688120125,-0.000732691174817,0.000400373068429,-0.000190489500315,0.00368770166944,0.000284337952787,8.581638371e-05
0.000750798470275,5.3932807847e-05,-0.00139126183602,0.00291499251962,0.000494587014163,0.00253134548707,0.00148649786346,-0.000755743005347,4.0101535579e-05,0.000284337952787,0.0108671922852,-0.00123192096049
-0.00142308228124,-0.000191252940895,0.000341830918033,-0.000364068347689,3.94975859131e-05,-0.000303817000394,-0.000512635121406,-7.68517362312e-05,0.000450249926953,8.581638371e-05,-0.00123192096049,0.00360907996247
