The first line is mean vector, the rest are inversed covariance matrix.
39.385058204,-14.8273996674,-38.1091053215,-19.3161003326,20.7354894678,-9.72914356984,-32.8958070953,-1.17197505543,12.0928137472,4.86686585366,0.378505543237,-0.935782150776
0.0381723638985,-0.0017503060251,-0.00245835348548,-0.000509957233172,-7.10063308812e-05,-0.000289124607389,0.00283186941398,0.000885746787499,-0.00229765919436,-0.000178734375027,-0.000145864164182,0.000228841364512
-0.0017503060251,0.00060415203427,-0.000126313630245,-0.000106990985674,0.000680233272826,-0.000128867315518,-0.000106864170511,0.00027863136026,-0.000211752729973,0.0002790928005,0.000137541347134,0.000216152794614
-0.00245835348548,-0.000126313630245,0.000931340690326,2.63174988498e-05,-0.000388032532816,5.57080066661e-05,-0.000419827063184,-0.000250137997436,0.000622975062525,-0.000113773676107,-0.000191365764759,-3.0655365533e-05
-0.000509957233172,-0.000106990985674,2.63174988498e-05,0.00117867081663,-0.000172032650671,0.000222453883707,-0.000120637999864,-5.55522910925e-05,0.000112318542552,0.000510439874566,-5.61251975333e-05,3.20588773185e-05
-7.10063308812e-05,0.000680233272826,-0.000388032532816,-0.000172032650671,0.00155811174756,-0.000168152976355,0.000609303929803,0.000262052359402,-0.000485664164429,-6.35337152391e-05,-5.34511834564e-05,0.000508154398312
-0.000289124607389,-0.000128867315518,5.57080066661e-05,0.000222453883707,-0.000168152976355,0.00195157813125,-0.000100752373108,-0.000297574970389,0.000230075066263,4.05719546486e-05,0.000424865006821,-0.000302474364054
0.00283186941398,-0.000106864170511,-0.000419827063184,-0.000120637999864,0.000609303929803,-0.000100752373108,0.00235727809783,0.000106552480699,-0.000394115640426,-0.000362588212851,0.000220339515942,-0.000258247501907
0.000885746787499,0.00027863136026,-0.000250137997436,-5.55522910925e-05,0.000262052359402,-0.000297574970389,0.000106552480699,0.00236423651803,-0.000517822462005,0.000213634746445,9.35926450886e-05,-0.000225396179273
-0.00229765919436,-0.000211752729973,0.000622975062525,0.000112318542552,-0.000485664164429,0.000230075066263,-0.000394115640426,-0.000517822462005,0.00376754104858,8.71169734975e-05,0.000236656662202,0.00125132612614
-0.000178734375027,0.0002790928005,-0.000113773676107,0.000510439874566,-6.35337152391e-05,4.05719546486e-05,-0.000362588212851,0.000213634746445,8.71169734975e-05,0.00325463088854,0.000544786797904,0.000151648089424
-0.000145864164182,0.000137541347134,-0.000191365764759,-5.61251975333e-05,-5.34511834564e-05,0.000424865006821,0.000220339515942,9.35926450886e-05,0.000236656662202,0.000544786797904,0.00701915220219,-0.00073870309833
0.000228841364512,0.000216152794614,-3.0655365533e-05,3.20588773185e-05,0.000508154398312,-0.000302474364054,-0.000258247501907,-0.000225396179273,0.00125132612614,0.000151648089424,-0.00073870309833,0.00652544074961
