The first line is mean vector, the rest are inversed covariance matrix.
41.4265457364,51.3519643411,39.386124031,4.83494108527,19.4877705426,-0.931158139535,-18.4698325581,5.35906666667,11.8974527132,10.2329705426,-1.82778914729,20.2290868217
0.156718468931,-0.000936573547055,-0.00712081421862,-0.0006985601918,0.00499118905301,-0.00193172705913,0.00500985679678,0.00212826578217,-0.00184328259348,0.00182591126376,-0.00302877569773,-0.00594814138197
-0.000936573547055,0.000910511859694,5.20534136714e-05,-0.000115829087244,0.000213377763634,-0.000116965855841,-0.000212605029511,0.000329721482953,8.43109549535e-05,0.000345761818775,-0.000138282941744,9.65202548199e-05
-0.00712081421862,5.20534136714e-05,0.00153977138049,-0.00040156835652,-0.000332726815053,-0.000207684824922,-0.00112304725065,0.000432951178957,0.0011283595879,-1.97599281187e-05,-0.000146190985014,0.000955185187768
-0.0006985601918,-0.000115829087244,-0.00040156835652,0.0011688964853,0.000246408083347,0.000350210307118,0.000506183646758,-0.000800508874279,-3.94171001548e-06,0.000611025374436,0.000327775914065,7.58440561264e-05
0.00499118905301,0.000213377763634,-0.000332726815053,0.000246408083347,0.00301965707296,0.000256910044261,0.00106821269248,6.68851002981e-05,-0.000652274862989,-0.00163084957646,-0.000371408935639,-7.77734732926e-05
-0.00193172705913,-0.000116965855841,-0.000207684824922,0.000350210307118,0.000256910044261,0.0015030168273,-0.000112111093122,-5.84853145942e-05,0.000242918980108,-0.000387921215723,0.000234772226116,-0.000238511330605
0.00500985679678,-0.000212605029511,-0.00112304725065,0.000506183646758,0.00106821269248,-0.000112111093122,0.00369268640178,-7.57794530189e-05,-0.000620563861824,-0.000644655866475,0.000409074994383,-0.000425738370678
0.00212826578217,0.000329721482953,0.000432951178957,-0.000800508874279,6.68851002981e-05,-5.84853145942e-05,-7.57794530189e-05,0.0040837138232,4.00039967726e-05,-4.34978398913e-05,0.000735676481377,0.000454280027686
-0.00184328259348,8.43109549535e-05,0.0011283595879,-3.94171001548e-06,-0.000652274862989,0.000242918980108,-0.000620563861824,4.00039967726e-05,0.00518736097886,0.000168824127142,9.10479988651e-05,0.00250454318097
0.00182591126376,0.000345761818775,-1.97599281187e-05,0.000611025374436,-0.00163084957646,-0.000387921215723,-0.000644655866475,-4.34978398913e-05,0.000168824127142,0.00679162940315,0.000565588114934,0.00136263025934
-0.00302877569773,-0.000138282941744,-0.000146190985014,0.000327775914065,-0.000371408935639,0.000234772226116,0.000409074994383,0.000735676481377,9.10479988651e-05,0.000565588114934,0.00615861177466,7.82254409653e-05
-0.00594814138197,9.65202548199e-05,0.000955185187768,7.58440561264e-05,-7.77734732926e-05,-0.000238511330605,-0.000425738370678,0.000454280027686,0.00250454318097,0.00136263025934,7.82254409653e-05,0.00659573191807
