The first line is mean vector, the rest are inversed covariance matrix.
34.6953637201,-58.0304898711,21.6610515654,-9.38819521179,12.3953959484,16.6241197053,-31.8845128913,4.62570810313,-4.58447605893,2.54905616943,-1.81124769797,2.77235359116
0.104402891495,-0.000880115089735,-0.00581842039132,-0.00291560267328,0.00241180933081,-0.00221542061641,0.00309075350737,0.00250457206915,0.000291629247529,0.0018703624795,-0.000708891119733,0.000851951769661
-0.000880115089735,0.00046612793587,-4.42877656098e-05,1.64477125946e-05,-9.44035028291e-05,-9.27898141394e-05,-9.78941381473e-05,0.000265254023353,-0.00030288905958,0.000266495628564,8.79081401133e-05,-0.0001471933084
-0.00581842039132,-4.42877656098e-05,0.000993124866695,-5.54110127484e-05,-3.79850269125e-05,-0.0002354353595,-7.71712820244e-05,-0.000115613447354,-0.000307710400895,-0.000315100713259,-0.000494388409888,-6.62481673332e-06
-0.00291560267328,1.64477125946e-05,-5.54110127484e-05,0.000830017665094,-5.00318570292e-05,0.000262100515887,0.000104687115119,-0.000476209174364,-0.000169045576973,0.000295173959137,0.000409249230304,3.53273870984e-05
0.00241180933081,-9.44035028291e-05,-3.79850269125e-05,-5.00318570292e-05,0.00150367821873,0.000175437647214,-3.00344153361e-05,-0.000119913212691,0.000772652195886,-4.91145755794e-05,5.14856091323e-06,0.000828998203031
-0.00221542061641,-9.27898141394e-05,-0.0002354353595,0.000262100515887,0.000175437647214,0.00107596676562,3.37424634587e-05,-0.000140522024992,-0.0001420370301,-0.000341806348517,0.000260455254869,-2.03081015756e-05
0.00309075350737,-9.78941381473e-05,-7.71712820244e-05,0.000104687115119,-3.00344153361e-05,3.37424634587e-05,0.00178452412228,-0.000338936403402,-0.000181944479615,-0.000709659864951,-1.64348475289e-05,-4.94648212092e-07
0.00250457206915,0.000265254023353,-0.000115613447354,-0.000476209174364,-0.000119913212691,-0.000140522024992,-0.000338936403402,0.00289004868969,0.000186437206462,0.000121768168228,-0.000139406513012,0.000278040803059
0.000291629247529,-0.00030288905958,-0.000307710400895,-0.000169045576973,0.000772652195886,-0.0001420370301,-0.000181944479615,0.000186437206462,0.0028349959562,8.98529398814e-05,0.000393730751655,0.000718459886253
0.0018703624795,0.000266495628564,-0.000315100713259,0.000295173959137,-4.91145755794e-05,-0.000341806348517,-0.000709659864951,0.000121768168228,8.98529398814e-05,0.00499740947701,0.000473427927398,0.000461034981509
-0.000708891119733,8.79081401133e-05,-0.000494388409888,0.000409249230304,5.14856091323e-06,0.000260455254869,-1.64348475289e-05,-0.000139406513012,0.000393730751655,0.000473427927398,0.00286579259864,-2.93269890305e-05
0.000851951769661,-0.0001471933084,-6.62481673332e-06,3.53273870984e-05,0.000828998203031,-2.03081015756e-05,-4.94648212092e-07,0.000278040803059,0.000718459886253,0.000461034981509,-2.93269890305e-05,0.00361194108017
