The first line is mean vector, the rest are inversed covariance matrix.
39.2301527027,6.20032364865,-19.0214918919,-12.3093189189,-12.6770047297,-23.1076986486,-6.46102094595,8.03885878378,-6.74123243243,-2.59831351351,5.03738986486,5.80962635135
0.124247268154,-0.00322864165396,-0.00982764170893,-0.00206123705611,0.0008153896587,0.0031132209876,0.00323849088484,-0.00121653391865,-0.00142686629972,-0.00160868228886,-0.0039708302746,-0.000282228361144
-0.00322864165396,0.0010706106161,0.000185511550793,0.000316340281456,-0.000178244046145,0.000146936600587,0.000410073814782,-0.000488896401799,0.000391196915922,-0.000440201689585,0.000371608704098,-0.000191405669874
-0.00982764170893,0.000185511550793,0.00151238513599,-9.95209974596e-05,0.000250651883961,-0.000428825450768,-0.000458664397017,9.09954432818e-05,9.75824915024e-05,-0.000424713846188,0.000343096568398,-4.1265913571e-05
-0.00206123705611,0.000316340281456,-9.95209974596e-05,0.00164832100039,-0.00015914885795,0.00046606055228,0.00023783398156,-0.000212026608693,3.92912384209e-05,0.000241925646063,-0.000305288313835,-0.000179693603417
0.0008153896587,-0.000178244046145,0.000250651883961,-0.00015914885795,0.0022084297143,-0.000239690733554,-0.000473672823114,0.000493331011656,-0.00116106648218,0.000178890140563,0.000144470926565,-0.000383806021689
0.0031132209876,0.000146936600587,-0.000428825450768,0.00046606055228,-0.000239690733554,0.00325179714544,0.000333181286553,-0.000842190753044,0.000821369396525,-0.000668567181127,-0.000529372223692,0.000445509910934
0.00323849088484,0.000410073814782,-0.000458664397017,0.00023783398156,-0.000473672823114,0.000333181286553,0.00226205321456,-0.0003820386932,-9.50956849871e-06,-0.000118464283281,0.000497475694701,-0.00123765292857
-0.00121653391865,-0.000488896401799,9.09954432818e-05,-0.000212026608693,0.000493331011656,-0.000842190753044,-0.0003820386932,0.0035095868489,-0.00140804632847,0.00100950288136,-0.0012484886051,-0.00057342668797
-0.00142686629972,0.000391196915922,9.75824915024e-05,3.92912384209e-05,-0.00116106648218,0.000821369396525,-9.50956849871e-06,-0.00140804632847,0.00359653153018,-0.00172020881333,0.000383251871591,0.00132521167834
-0.00160868228886,-0.000440201689585,-0.000424713846188,0.000241925646063,0.000178890140563,-0.000668567181127,-0.000118464283281,0.00100950288136,-0.00172020881333,0.00553805297911,0.000283050034322,-0.000258234361861
-0.0039708302746,0.000371608704098,0.000343096568398,-0.000305288313835,0.000144470926565,-0.000529372223692,0.000497475694701,-0.0012484886051,0.000383251871591,0.000283050034322,0.00911023246901,-0.000809251563706
-0.000282228361144,-0.000191405669874,-4.1265913571e-05,-0.000179693603417,-0.000383806021689,0.000445509910934,-0.00123765292857,-0.00057342668797,0.00132521167834,-0.000258234361861,-0.000809251563706,0.00373071408186
