The first line is mean vector, the rest are inversed covariance matrix.
29.1887643836,-66.5665077626,10.5998127854,-11.7174383562,23.6624703196,-12.8180584475,-4.9316630137,7.37977077626,-5.75487123288,4.17156712329,-1.53082922374,7.93319908676
0.103359744398,0.00368037842726,-0.00618161438948,-0.00275770546261,0.00641272109055,-0.00313012923339,0.00257896332636,0.00390017498871,-0.0055202270405,0.00213821556175,0.000309187020262,-0.00269349980299
0.00368037842726,0.000602004279522,-0.000184093660455,-8.30386763535e-05,0.000457578233667,-0.000231421502356,5.24133021245e-05,0.000444094491684,-0.00053854137606,0.000360432994816,0.000173279526701,-0.000122287925523
-0.00618161438948,-0.000184093660455,0.00094882075345,-8.68823909573e-05,-0.000516119531851,-0.000306259368402,-0.000459360390243,-0.000199625037762,0.00100171622811,0.000160049263612,-0.000493297647372,0.000476448384343
-0.00275770546261,-8.30386763535e-05,-8.68823909573e-05,0.00108657452594,-0.000234663210219,0.00036069407286,-0.000174213539586,-0.000420955453768,0.00016973964629,0.000411632929956,0.00038542345438,0.000224254446402
0.00641272109055,0.000457578233667,-0.000516119531851,-0.000234663210219,0.00175756039856,-5.94925025868e-05,0.000599989023038,0.000334970033958,-0.00111826696907,-0.000406932167338,0.000144162198102,-0.000425844046833
-0.00313012923339,-0.000231421502356,-0.000306259368402,0.00036069407286,-5.94925025868e-05,0.002550745875,0.000178691179017,-5.94152537138e-05,0.000703175174409,-0.00121316953502,0.000615456562584,-4.73086663373e-05
0.00257896332636,5.24133021245e-05,-0.000459360390243,-0.000174213539586,0.000599989023038,0.000178691179017,0.00169832018111,-0.000183011514708,-0.000624323925354,-0.000718962835018,0.000532894340953,-0.000198614842286
0.00390017498871,0.000444094491684,-0.000199625037762,-0.000420955453768,0.000334970033958,-5.94152537138e-05,-0.000183011514708,0.00248065232771,-0.000320810039596,7.47417561956e-05,-0.000122184408534,7.42446627845e-05
-0.0055202270405,-0.00053854137606,0.00100171622811,0.00016973964629,-0.00111826696907,0.000703175174409,-0.000624323925354,-0.000320810039596,0.00434224216583,-0.000347226612227,-0.000294081510876,0.00146813829656
0.00213821556175,0.000360432994816,0.000160049263612,0.000411632929956,-0.000406932167338,-0.00121316953502,-0.000718962835018,7.47417561956e-05,-0.000347226612227,0.00434162306223,0.00022546560895,0.000617974312673
0.000309187020262,0.000173279526701,-0.000493297647372,0.00038542345438,0.000144162198102,0.000615456562584,0.000532894340953,-0.000122184408534,-0.000294081510876,0.00022546560895,0.00578491133173,-0.000856025314981
-0.00269349980299,-0.000122287925523,0.000476448384343,0.000224254446402,-0.000425844046833,-4.73086663373e-05,-0.000198614842286,7.42446627845e-05,0.00146813829656,0.000617974312673,-0.000856025314981,0.00253023307059
