The first line is mean vector, the rest are inversed covariance matrix.
31.6419244332,26.806268262,-27.7898324937,-9.60028463476,0.505863979849,-11.0911775819,17.386138539,11.911627204,-7.66981234257,7.41948866499,-8.34001511335,1.77884634761
0.0641387688372,0.000526496539323,-0.00316653760832,-0.00171047675534,0.00560756550626,-0.00107432323782,-0.00268365967157,0.00119994532414,-0.000169954067206,0.00337857143595,-0.000724972748135,0.00116158883619
0.000526496539323,0.00085122896842,1.88953547365e-05,-1.98081333548e-05,0.000149086310853,-0.000187822283451,0.000222991072225,0.000586029420534,-6.65003435928e-05,0.000349304899338,-9.53886232754e-06,0.000807868375588
-0.00316653760832,1.88953547365e-05,0.000555319654727,-0.000195903204123,-0.000256265393884,-0.000363112409956,3.38411381249e-05,0.000356485762291,0.000455110689326,0.00018760219905,-0.000307470806543,0.000297790025289
-0.00171047675534,-1.98081333548e-05,-0.000195903204123,0.000912806292868,1.09803210419e-05,0.000188149581738,0.000474551189325,-0.000655305324348,4.09747385378e-05,0.00033869322553,0.000515985231855,-0.00015138690496
0.00560756550626,0.000149086310853,-0.000256265393884,1.09803210419e-05,0.00286107020842,-0.000150210763469,0.000294470236574,0.000144581555729,0.000101075944508,0.000212103851453,-0.000279051375707,-0.000894626069923
-0.00107432323782,-0.000187822283451,-0.000363112409956,0.000188149581738,-0.000150210763469,0.00140259459546,-9.65432973816e-05,-0.000555049732633,-0.000432490682808,-0.0006806896826,0.000468506266614,-0.000381855911863
-0.00268365967157,0.000222991072225,3.38411381249e-05,0.000474551189325,0.000294470236574,-9.65432973816e-05,0.00257323538833,-0.000301039177218,0.00131180549618,-0.000117141503335,0.000393111895627,0.00103193103282
0.00119994532414,0.000586029420534,0.000356485762291,-0.000655305324348,0.000144581555729,-0.000555049732633,-0.000301039177218,0.0034044830763,8.2306969826e-06,0.000406738961214,-0.000205934684916,0.000750752983064
-0.000169954067206,-6.65003435928e-05,0.000455110689326,4.09747385378e-05,0.000101075944508,-0.000432490682808,0.00131180549618,8.2306969826e-06,0.00646082338656,0.000827064189505,9.56372759261e-06,0.00235510454327
0.00337857143595,0.000349304899338,0.00018760219905,0.00033869322553,0.000212103851453,-0.0006806896826,-0.000117141503335,0.000406738961214,0.000827064189505,0.0043404782753,-0.000195780725824,0.00101524281186
-0.000724972748135,-9.53886232754e-06,-0.000307470806543,0.000515985231855,-0.000279051375707,0.000468506266614,0.000393111895627,-0.000205934684916,9.56372759261e-06,-0.000195780725824,0.00442175552585,0.000395516795585
0.00116158883619,0.000807868375588,0.000297790025289,-0.00015138690496,-0.000894626069923,-0.000381855911863,0.00103193103282,0.000750752983064,0.00235510454327,0.00101524281186,0.000395516795585,0.00904232084003
