The first line is mean vector, the rest are inversed covariance matrix.
45.9071735791,-53.3908571429,32.0664823349,-2.69951766513,-5.6262718894,-11.6258141321,-5.38359139785,-7.44435483871,8.65793241167,-2.39884331797,1.73212135177,4.00933794163
0.0740870870926,-0.00535418680681,-0.00288040429279,0.000181476005795,0.00368484039793,0.00154719422139,-0.00158643155072,0.00161259366511,-0.00478347854963,-0.000999966243138,-0.000378803014093,0.000507556663447
-0.00535418680681,0.000725663105687,0.00024908315377,0.00018822518096,-0.00016052424297,-4.58525074821e-05,0.00036825588926,3.56030560569e-05,5.44307576028e-05,5.6123235479e-05,0.00017373919874,-1.88579311095e-05
-0.00288040429279,0.00024908315377,0.00122124102194,2.16060227392e-05,9.33471796111e-05,-0.000354945455841,0.000240617799324,-0.000301649015459,-8.61608097372e-05,-0.000320417078408,4.20430587587e-05,0.00014860573174
0.000181476005795,0.00018822518096,2.16060227392e-05,0.00109986302611,0.000119952738549,0.000361445426023,0.000440452521238,0.000301755167476,-0.000393011236458,-4.35483048871e-05,0.000469259304219,-0.000173539663033
0.00368484039793,-0.00016052424297,9.33471796111e-05,0.000119952738549,0.00186458682096,-0.00035074258592,-1.40428182523e-05,-0.000234614943615,-4.6913085274e-05,-0.000426915581501,0.000256008539745,-0.000645967023892
0.00154719422139,-4.58525074821e-05,-0.000354945455841,0.000361445426023,-0.00035074258592,0.00207577478549,0.000168323979818,0.000320117349219,-0.000267033652108,0.000559756329769,0.000270514258191,9.1399538451e-05
-0.00158643155072,0.00036825588926,0.000240617799324,0.000440452521238,-1.40428182523e-05,0.000168323979818,0.00281679752464,0.000194932768986,6.70621781916e-06,0.00030093159716,-0.000239180602115,-0.000583170958913
0.00161259366511,3.56030560569e-05,-0.000301649015459,0.000301755167476,-0.000234614943615,0.000320117349219,0.000194932768986,0.00266574690765,-5.9852223679e-05,0.00109713627121,-5.90431193588e-05,-0.000130479225173
-0.00478347854963,5.44307576028e-05,-8.61608097372e-05,-0.000393011236458,-4.6913085274e-05,-0.000267033652108,6.70621781916e-06,-5.9852223679e-05,0.00321973094181,0.000176905708188,-0.000196978365308,-0.000290025467439
-0.000999966243138,5.6123235479e-05,-0.000320417078408,-4.35483048871e-05,-0.000426915581501,0.000559756329769,0.00030093159716,0.00109713627121,0.000176905708188,0.00471309260681,0.000206453552364,0.000378453528513
-0.000378803014093,0.00017373919874,4.20430587587e-05,0.000469259304219,0.000256008539745,0.000270514258191,-0.000239180602115,-5.90431193588e-05,-0.000196978365308,0.000206453552364,0.00429804728248,0.000456508279564
0.000507556663447,-1.88579311095e-05,0.00014860573174,-0.000173539663033,-0.000645967023892,9.1399538451e-05,-0.000583170958913,-0.000130479225173,-0.000290025467439,0.000378453528513,0.000456508279564,0.00385909959052
