The first line is mean vector, the rest are inversed covariance matrix.
46.6043721212,13.2378872727,0.489505454545,15.2143587879,-6.98938060606,-15.9642690909,23.0215442424,4.34585575758,7.09906181818,13.0825551515,0.54951030303,-1.51293939394
0.0689800565133,-0.00283204008216,-0.00412939803812,-0.00190463354924,-0.00271994569747,0.00161406330237,-0.001013248057,0.00327250062935,-0.00486152898242,-0.000966956739707,-0.000451223871413,0.000558588665374
-0.00283204008216,0.00116328731107,0.000318792594136,-1.45215301064e-06,-0.000176490701442,-0.00036270987324,-0.000177070258733,0.000270081104023,0.000525603260676,0.000510709064413,0.000166505885477,0.000389698908445
-0.00412939803812,0.000318792594136,0.00229561261566,0.000752847584663,-0.000483096538734,-0.000239188681813,-0.000426350511873,6.75717197632e-05,-0.00087636760011,0.000284688945547,0.000293778171783,-0.000138201037397
-0.00190463354924,-1.45215301064e-06,0.000752847584663,0.000818915918291,3.24379548297e-05,-0.000108668608835,-7.50743723593e-05,-0.000772457031446,-0.000249658461291,-1.79035526212e-05,0.000392592768131,2.29461427859e-05
-0.00271994569747,-0.000176490701442,-0.000483096538734,3.24379548297e-05,0.00285731012581,-0.000253308314838,0.000107504882514,-1.06044937636e-05,0.000868445673887,-6.25802703708e-05,9.1534037919e-05,-0.000754683650877
0.00161406330237,-0.00036270987324,-0.000239188681813,-0.000108668608835,-0.000253308314838,0.000854322367565,-3.53369101678e-05,2.07095699978e-05,-0.000393103531045,-0.000392340822605,2.66654172164e-06,0.000453712629142
-0.001013248057,-0.000177070258733,-0.000426350511873,-7.50743723593e-05,0.000107504882514,-3.53369101678e-05,0.00265691542411,0.000403538871322,-0.000133712314869,-2.63738460485e-05,-0.00051231200016,-0.000921453034472
0.00327250062935,0.000270081104023,6.75717197632e-05,-0.000772457031446,-1.06044937636e-05,2.07095699978e-05,0.000403538871322,0.00284599585752,-0.000908980093257,0.000976292241033,-0.000836291494473,-0.000195023353312
-0.00486152898242,0.000525603260676,-0.00087636760011,-0.000249658461291,0.000868445673887,-0.000393103531045,-0.000133712314869,-0.000908980093257,0.0060223716228,0.000893089809345,0.000620955007563,0.00183308108073
-0.000966956739707,0.000510709064413,0.000284688945547,-1.79035526212e-05,-6.25802703708e-05,-0.000392340822605,-2.63738460485e-05,0.000976292241033,0.000893089809345,0.00482265946565,-0.00148043345731,-0.000120698668539
-0.000451223871413,0.000166505885477,0.000293778171783,0.000392592768131,9.1534037919e-05,2.66654172164e-06,-0.00051231200016,-0.000836291494473,0.000620955007563,-0.00148043345731,0.00305635646549,0.000876108790402
0.000558588665374,0.000389698908445,-0.000138201037397,2.29461427859e-05,-0.000754683650877,0.000453712629142,-0.000921453034472,-0.000195023353312,0.00183308108073,-0.000120698668539,0.000876108790402,0.00891922156973
