The first line is mean vector, the rest are inversed covariance matrix.
44.6620503472,-0.458025173611,-21.0481675347,-2.97370052083,19.3221875,-12.2621909722,4.6305703125,-2.83201649306,11.6004539931,-1.92970833333,-1.88034375,-6.68134027778
0.0282082541872,-0.000845413837191,-0.000846884295099,-0.000952696903845,0.0031708485604,-0.000958351466972,-0.00259706545033,0.00221032777329,-0.000577710730623,0.000981912693907,-0.00126067624414,-0.000342826672739
-0.000845413837191,0.000715893141061,0.000289074688869,-5.85779879052e-05,0.000161920329142,-5.89105034931e-05,7.5313034754e-05,0.000415821407894,-7.81520400508e-05,0.000381508037137,-0.000218689604074,-0.000142383095855
-0.000846884295099,0.000289074688869,0.00100681595708,3.43318007542e-05,-0.000332487374785,4.82238339678e-05,9.46403238407e-05,0.000126102625284,9.34476912449e-05,-0.000111013565015,-8.30968841324e-05,-0.000197752397947
-0.000952696903845,-5.85779879052e-05,3.43318007542e-05,0.000943773015531,-6.74966228495e-05,4.27687571031e-05,-7.98215751949e-05,-0.00045815205099,0.000334433220064,-0.000254862746641,0.000354746101132,-0.000266234972613
0.0031708485604,0.000161920329142,-0.000332487374785,-6.74966228495e-05,0.00161723262627,0.00010586115306,-0.000292540968445,0.000567954520986,-0.000596794972094,0.000361614280809,-0.000218405874082,-0.000343340383626
-0.000958351466972,-5.89105034931e-05,4.82238339678e-05,4.27687571031e-05,0.00010586115306,0.00180640394733,9.50257903426e-05,-0.00065837600989,-0.000109931521385,0.000312833707249,0.000149950739185,-6.56291921483e-06
-0.00259706545033,7.5313034754e-05,9.46403238407e-05,-7.98215751949e-05,-0.000292540968445,9.50257903426e-05,0.00161224983439,-0.000343223939479,-0.000126232240849,-6.56036050591e-05,0.000147134719927,-0.000316310651185
0.00221032777329,0.000415821407894,0.000126102625284,-0.00045815205099,0.000567954520986,-0.00065837600989,-0.000343223939479,0.00403485668019,6.60981410939e-05,0.000443456208489,-5.42031721648e-05,-0.000391748486776
-0.000577710730623,-7.81520400508e-05,9.34476912449e-05,0.000334433220064,-0.000596794972094,-0.000109931521385,-0.000126232240849,6.60981410939e-05,0.00331794198598,-0.000323500555501,0.000500185050145,3.45710710887e-05
0.000981912693907,0.000381508037137,-0.000111013565015,-0.000254862746641,0.000361614280809,0.000312833707249,-6.56036050591e-05,0.000443456208489,-0.000323500555501,0.00587981101723,0.000324342344441,-0.000394310259404
-0.00126067624414,-0.000218689604074,-8.30968841324e-05,0.000354746101132,-0.000218405874082,0.000149950739185,0.000147134719927,-5.42031721648e-05,0.000500185050145,0.000324342344441,0.00647933865024,-0.000495921401969
-0.000342826672739,-0.000142383095855,-0.000197752397947,-0.000266234972613,-0.000343340383626,-6.56291921483e-06,-0.000316310651185,-0.000391748486776,3.45710710887e-05,-0.000394310259404,-0.000495921401969,0.00367314830292
