The first line is mean vector, the rest are inversed covariance matrix.
41.3181828074,-0.370023939064,-23.6359815016,-7.24201632209,5.20985201306,-6.74695429815,13.323179543,-10.8892045702,4.42561588683,3.96797388466,-5.01348531012,5.61546354733
0.0397664117133,-0.00142309523873,-0.00347541318437,0.000246558603807,-0.000623941431904,0.00207402214928,0.00151716300779,-0.000256635279322,-0.0013530107174,-4.4806027585e-05,-0.000579223119519,0.000890818781452
-0.00142309523873,0.000886096209282,0.000101741702089,3.53537492376e-05,0.000146480692774,-0.00017809633055,0.000132249124374,-3.67411571597e-05,0.000263886751924,8.3940237878e-05,-0.000130678160035,-0.000247370935448
-0.00347541318437,0.000101741702089,0.00129813249609,-3.38337323006e-05,-0.000503490816237,-0.000245082787616,-0.000533312743314,-0.000205243556359,0.000231696995944,-0.000246851669374,-0.000147039930684,0.000383548659554
0.000246558603807,3.53537492376e-05,-3.38337323006e-05,0.000854889923476,0.00015232265721,0.000220605509755,5.55131504727e-05,6.96660717073e-05,-0.000223802402801,-2.51890142194e-05,0.000585892114012,-0.000219172123153
-0.000623941431904,0.000146480692774,-0.000503490816237,0.00015232265721,0.00183098852184,-0.000163558452598,0.000409986903627,-0.000530876274973,-0.000775872394728,-0.000624850662327,0.00032104045153,-0.000190165583118
0.00207402214928,-0.00017809633055,-0.000245082787616,0.000220605509755,-0.000163558452598,0.00126414394134,-0.000230868144512,0.000156740483656,0.00013325041502,0.000554232794672,-3.95806982746e-05,0.000141202616627
0.00151716300779,0.000132249124374,-0.000533312743314,5.55131504727e-05,0.000409986903627,-0.000230868144512,0.00229996181568,0.000200378339401,-0.00080301129222,-6.69585651642e-05,-4.93054244345e-05,-0.000842280817077
-0.000256635279322,-3.67411571597e-05,-0.000205243556359,6.96660717073e-05,-0.000530876274973,0.000156740483656,0.000200378339401,0.00214874182507,0.000180863463471,0.000901437008787,0.000211021717045,-0.000229557242936
-0.0013530107174,0.000263886751924,0.000231696995944,-0.000223802402801,-0.000775872394728,0.00013325041502,-0.00080301129222,0.000180863463471,0.00353706822264,0.000783007118066,-0.000317469803213,-0.000186673896129
-4.4806027585e-05,8.3940237878e-05,-0.000246851669374,-2.51890142194e-05,-0.000624850662327,0.000554232794672,-6.69585651642e-05,0.000901437008787,0.000783007118066,0.00338085007355,-0.00015150534603,-0.000386062732373
-0.000579223119519,-0.000130678160035,-0.000147039930684,0.000585892114012,0.00032104045153,-3.95806982746e-05,-4.93054244345e-05,0.000211021717045,-0.000317469803213,-0.00015150534603,0.00343056179015,8.36271513928e-05
0.000890818781452,-0.000247370935448,0.000383548659554,-0.000219172123153,-0.000190165583118,0.000141202616627,-0.000842280817077,-0.000229557242936,-0.000186673896129,-0.000386062732373,8.36271513928e-05,0.00460637577383
