The first line is mean vector, the rest are inversed covariance matrix.
46.407201155,16.376798845,-29.539626564,-1.34571029836,15.3964061598,-9.1134879692,-8.7219894129,-2.58190760346,14.8822078922,2.3109172281,2.65263907603,7.83293262753
0.030173266132,-0.00158388811151,-0.00118984419185,-9.30659640873e-05,0.000646735735091,0.000666239404941,-0.000391770639799,3.06087344761e-05,-0.00112435895457,0.000176361887026,-0.000982983306284,-0.000102241116099
-0.00158388811151,0.000496095018166,5.98426683114e-05,4.24819225704e-05,-0.000143811387485,1.46481378102e-05,0.000192546990798,-0.000172212551368,0.000263626336026,6.44733239377e-05,-0.000102563053302,-0.000228326864224
-0.00118984419185,5.98426683114e-05,0.000429477770213,8.66259347272e-05,-0.000148381391674,-4.95116017893e-06,-0.000267541597578,-0.000155275737835,0.000260288345237,-0.000102142265787,0.000134002022433,8.55316090466e-05
-9.30659640873e-05,4.24819225704e-05,8.66259347272e-05,0.000553510888962,-1.68402628788e-05,1.84511634945e-05,3.67814182159e-05,9.15171874604e-05,8.33445081705e-06,2.45235425505e-05,-3.24068250769e-05,-0.000105105462349
0.000646735735091,-0.000143811387485,-0.000148381391674,-1.68402628788e-05,0.00112617746147,-0.00012679394185,0.000120924822136,1.09080207752e-05,-6.29316808083e-05,0.000208855625928,8.92262429761e-05,-0.000389251843797
0.000666239404941,1.46481378102e-05,-4.95116017893e-06,1.84511634945e-05,-0.00012679394185,0.000689080862149,-8.90996289255e-05,-0.000126267266451,-0.00022720857124,0.000345012468635,-0.000154136455422,6.14209615466e-05
-0.000391770639799,0.000192546990798,-0.000267541597578,3.67814182159e-05,0.000120924822136,-8.90996289255e-05,0.00178378723844,-0.000108521198393,-1.86416911154e-05,-0.000185703959741,-6.6092616948e-05,-0.000928503007599
3.06087344761e-05,-0.000172212551368,-0.000155275737835,9.15171874604e-05,1.09080207752e-05,-0.000126267266451,-0.000108521198393,0.00151991397038,-0.000238232907263,0.000227838874883,-0.000113388297137,-7.68823138327e-05
-0.00112435895457,0.000263626336026,0.000260288345237,8.33445081705e-06,-6.29316808083e-05,-0.00022720857124,-1.86416911154e-05,-0.000238232907263,0.00318124117854,9.50354156061e-05,-0.000107523784035,-7.73858575606e-05
0.000176361887026,6.44733239377e-05,-0.000102142265787,2.45235425505e-05,0.000208855625928,0.000345012468635,-0.000185703959741,0.000227838874883,9.50354156061e-05,0.00233919385493,9.3117989377e-06,-0.000225077092486
-0.000982983306284,-0.000102563053302,0.000134002022433,-3.24068250769e-05,8.92262429761e-05,-0.000154136455422,-6.6092616948e-05,-0.000113388297137,-0.000107523784035,9.3117989377e-06,0.00218405991758,0.000265206555027
-0.000102241116099,-0.000228326864224,8.55316090466e-05,-0.000105105462349,-0.000389251843797,6.14209615466e-05,-0.000928503007599,-7.68823138327e-05,-7.73858575606e-05,-0.000225077092486,0.000265206555027,0.00342636880542
