The first line is mean vector, the rest are inversed covariance matrix.
50.486312,32.3708653333,23.8131666667,0.685236,0.520704,-23.3133666667,6.205112,3.66006266667,-0.107064,1.74328933333,1.30696666667,-1.61932266667
0.0399528784886,0.0029659684394,-0.00308160424512,0.000316686505879,0.00100522447937,-4.56307771398e-05,0.00240586954895,0.00108800792726,-0.00228242782826,0.00361031778749,0.00170208648681,0.000295391357461
0.0029659684394,0.00130966391939,-0.000102722727928,6.10126991337e-05,0.000262463265288,-0.000175388982263,0.000152997055492,-7.18736750805e-05,0.000167632741305,0.000267569990636,6.84520872306e-06,-0.000272868001724
-0.00308160424512,-0.000102722727928,0.0011267027439,2.71246234985e-05,-0.000389960318995,-0.000169908669599,-0.000199906763428,0.000114047523651,0.000477702683392,-0.000198596797038,-1.92267777546e-05,0.000536454501012
0.000316686505879,6.10126991337e-05,2.71246234985e-05,0.0014579807868,5.72553235284e-05,0.000246694410164,0.000447602932759,-0.000546713374304,-1.38901420511e-05,-0.000385220670052,0.0002702662227,-0.000308941022799
0.00100522447937,0.000262463265288,-0.000389960318995,5.72553235284e-05,0.00231091887533,0.00024569724822,-0.000244084076731,9.1829357102e-05,-0.000878625722857,0.000217227212307,-0.000166652381454,-0.000934435609677
-4.56307771398e-05,-0.000175388982263,-0.000169908669599,0.000246694410164,0.00024569724822,0.00172989696168,7.08045720727e-05,-0.000186386349206,9.96469909367e-05,-0.00015628102763,0.000130597232947,-0.000300485969466
0.00240586954895,0.000152997055492,-0.000199906763428,0.000447602932759,-0.000244084076731,7.08045720727e-05,0.00305175840897,-0.000453402790063,-0.00107972588368,-0.000606787208322,0.000583770279119,-0.000311700809236
0.00108800792726,-7.18736750805e-05,0.000114047523651,-0.000546713374304,9.1829357102e-05,-0.000186386349206,-0.000453402790063,0.00335328396263,-0.00103596252016,0.000683733921384,-7.34938059771e-05,0.000484748970593
-0.00228242782826,0.000167632741305,0.000477702683392,-1.38901420511e-05,-0.000878625722857,9.96469909367e-05,-0.00107972588368,-0.00103596252016,0.00550378101187,-0.000506416654574,-0.000225695661401,-0.000573721654556
0.00361031778749,0.000267569990636,-0.000198596797038,-0.000385220670052,0.000217227212307,-0.00015628102763,-0.000606787208322,0.000683733921384,-0.000506416654574,0.00638603003001,-0.000503914467571,0.000281603945886
0.00170208648681,6.84520872306e-06,-1.92267777546e-05,0.0002702662227,-0.000166652381454,0.000130597232947,0.000583770279119,-7.34938059771e-05,-0.000225695661401,-0.000503914467571,0.00588203019099,-8.66383526364e-05
0.000295391357461,-0.000272868001724,0.000536454501012,-0.000308941022799,-0.000934435609677,-0.000300485969466,-0.000311700809236,0.000484748970593,-0.000573721654556,0.000281603945886,-8.66383526364e-05,0.0052978142686
