The first line is mean vector, the rest are inversed covariance matrix.
45.6137529691,50.3977885986,4.50175059382,-7.34571496437,-32.3830760095,-5.20000712589,5.8577672209,-4.12989548694,1.5676888361,-3.13424940618,-2.69439192399,8.97862707838
0.474992660668,-0.0096033590523,-0.0223368503924,-0.0104491229777,-0.0192180881498,0.00909045195416,0.0127414058584,0.00306901525349,0.00597133944766,0.0104977768457,-0.0144110316683,0.000220260533891
-0.0096033590523,0.00101634161473,0.000915400392071,0.000490180576874,0.000530266849854,-9.04483085339e-05,-0.0004577571411,-2.27179822897e-05,0.00021295666766,-2.11047477546e-05,0.000580982937179,0.000150151520939
-0.0223368503924,0.000915400392071,0.00278496977547,0.000646771992906,0.00154077555394,-0.000380760673975,-0.00201941161422,-0.000259426454432,-4.75913849663e-05,-0.000812295658423,0.000688497149033,0.00106631285862
-0.0104491229777,0.000490180576874,0.000646771992906,0.00133180367971,0.000650858169444,0.000459985768779,-0.000233767907255,-9.39253497513e-05,-9.66278523988e-05,0.000122964550038,0.000965143035281,8.30796796969e-05
-0.0192180881498,0.000530266849854,0.00154077555394,0.000650858169444,0.00271805322432,-0.000286044166396,-0.00161334261531,-0.000365148177177,-0.00142169390739,-0.000895022521684,0.00100722672709,-4.78460550208e-05
0.00909045195416,-9.04483085339e-05,-0.000380760673975,0.000459985768779,-0.000286044166396,0.00233306413065,0.000107577406656,0.00035448249758,0.000380325333241,0.000724008036948,0.000275495210639,0.000484205804887
0.0127414058584,-0.0004577571411,-0.00201941161422,-0.000233767907255,-0.00161334261531,0.000107577406656,0.00397244815886,0.000521616915821,5.82481716772e-05,0.00062089031102,-0.00061819095321,-0.00178513229515
0.00306901525349,-2.27179822897e-05,-0.000259426454432,-9.39253497513e-05,-0.000365148177177,0.00035448249758,0.000521616915821,0.00198331510815,-1.83814200855e-05,0.000684735757486,-0.000226079570397,0.000116956852174
0.00597133944766,0.00021295666766,-4.75913849663e-05,-9.66278523988e-05,-0.00142169390739,0.000380325333241,5.82481716772e-05,-1.83814200855e-05,0.0047508031407,0.000856523420766,-0.000497393167762,-0.000562141726361
0.0104977768457,-2.11047477546e-05,-0.000812295658423,0.000122964550038,-0.000895022521684,0.000724008036948,0.00062089031102,0.000684735757486,0.000856523420766,0.00360041228155,8.92933637896e-05,-0.000351525960739
-0.0144110316683,0.000580982937179,0.000688497149033,0.000965143035281,0.00100722672709,0.000275495210639,-0.00061819095321,-0.000226079570397,-0.000497393167762,8.92933637897e-05,0.00434314253367,0.000116598337571
0.000220260533891,0.000150151520939,0.00106631285862,8.30796796969e-05,-4.78460550208e-05,0.000484205804887,-0.00178513229515,0.000116956852174,-0.000562141726361,-0.000351525960739,0.000116598337571,0.00517184872556
