The first line is mean vector, the rest are inversed covariance matrix.
45.0243880795,55.8049245033,17.8855695364,2.14853112583,-2.18395761589,-13.411002649,1.9470807947,-3.26173642384,15.4608913907,10.0028728477,-2.38208476821,4.04081456954
0.0218537459692,-0.00130907500483,-0.00200145057324,-0.000269535086295,0.000588398362924,0.000894188628534,-0.000630134106097,-0.00107950652139,-0.000501108261494,-0.00217728124619,0.000111179020485,0.000884205825004
-0.00130907500483,0.000855712462992,0.000193504251908,-1.50112405026e-05,-0.000101364662158,-0.000152107601812,-5.13693014515e-05,-7.52872404697e-05,0.000156942556371,0.000137313107467,-0.000111536671042,0.000261228456735
-0.00200145057324,0.000193504251908,0.00101912391394,-8.95603978117e-05,-0.000419335028039,-0.000278431401108,-0.000178704123944,-6.27203654733e-06,-1.25022728811e-05,0.000107030490302,-0.00010944828215,1.75284035219e-05
-0.000269535086295,-1.50112405026e-05,-8.95603978117e-05,0.000857869267908,0.000242825220543,4.35978679736e-05,1.34786745369e-05,-8.1020837615e-05,9.22300823902e-05,-4.81743220119e-05,0.00057528840726,-7.34600811926e-05
0.000588398362923,-0.000101364662158,-0.000419335028039,0.000242825220543,0.00139497749161,2.28312425193e-05,0.000328561936056,-0.00018507800854,-2.96759763497e-05,-0.000183375783342,0.000272767293283,-0.000200079358911
0.000894188628534,-0.000152107601812,-0.000278431401108,4.35978679736e-05,2.28312425193e-05,0.00187276235789,3.98078670901e-05,0.000339286220832,0.00014550796493,0.000269227139099,-0.00020423176528,-1.35236873036e-05
-0.000630134106097,-5.13693014515e-05,-0.000178704123944,1.34786745369e-05,0.000328561936056,3.98078670901e-05,0.00153473368751,5.22165962776e-05,-0.000519569084891,-0.000348763984407,-7.17948730728e-06,-0.000288608519326
-0.00107950652139,-7.52872404697e-05,-6.27203654733e-06,-8.1020837615e-05,-0.00018507800854,0.000339286220832,5.22165962776e-05,0.0032181177716,-0.000372446377857,0.00113222676944,-0.00018630369722,2.95303032489e-05
-0.000501108261494,0.000156942556371,-1.25022728811e-05,9.22300823902e-05,-2.96759763497e-05,0.00014550796493,-0.000519569084891,-0.000372446377857,0.00321856021637,-0.000385772215467,6.70929580357e-05,0.000149496434214
-0.00217728124619,0.000137313107467,0.000107030490302,-4.81743220119e-05,-0.000183375783342,0.000269227139099,-0.000348763984407,0.00113222676944,-0.000385772215467,0.00467335507053,0.000113899260537,0.000225829927346
0.000111179020485,-0.000111536671042,-0.00010944828215,0.00057528840726,0.000272767293283,-0.00020423176528,-7.17948730728e-06,-0.00018630369722,6.70929580357e-05,0.000113899260537,0.00541528433091,-0.000389796382552
0.000884205825004,0.000261228456735,1.75284035219e-05,-7.34600811926e-05,-0.000200079358911,-1.35236873036e-05,-0.000288608519326,2.95303032489e-05,0.000149496434214,0.000225829927346,-0.000389796382552,0.00368512398205
