The first line is mean vector, the rest are inversed covariance matrix.
48.888382055,14.2089507959,33.4938972504,7.15815484805,18.4865021708,-8.28167727931,10.2358712012,1.54173806078,11.9123487699,2.01232995658,-2.07703473227,-6.51045007236
0.0610049666513,-0.00292175873045,-0.00186922913795,-0.000908173541394,0.00142717014123,0.000398478210141,-0.00214210319129,-0.000828182933842,0.0019467529376,-0.00220896516254,-0.00106439785303,0.00268495947759
-0.00292175873045,0.00122028051832,7.89785856872e-08,-7.17674673587e-05,-0.000173856568432,1.68063542918e-05,3.66227494918e-05,4.27002741803e-05,0.000947182338275,0.000581555972997,-0.000266384078487,0.000189131716993
-0.00186922913795,7.89785856874e-08,0.000915591486796,0.000115923462738,-0.00028124516224,-8.58750597836e-05,-0.000247533980371,-0.00017013895919,0.000210381946665,7.40551202414e-05,0.000179169966523,7.85952708062e-05
-0.000908173541394,-7.17674673587e-05,0.000115923462738,0.000844497680189,-1.48750222564e-05,0.000239683267607,0.000334486838825,0.000154808032455,-6.02395199414e-05,0.000313197042159,-0.000108841360993,-0.000177079355454
0.00142717014123,-0.000173856568432,-0.00028124516224,-1.48750222564e-05,0.00149026909049,-0.000264472210776,0.000529045358202,5.29613746699e-05,-0.000958876574734,-0.000346997805972,0.000344959742813,-0.000530158055336
0.000398478210141,1.68063542918e-05,-8.58750597836e-05,0.000239683267607,-0.000264472210776,0.00132844298743,-3.52946509014e-05,0.000189357282646,0.000136196487895,0.000351953954416,-5.49945686721e-05,4.89440407076e-05
-0.00214210319129,3.66227494918e-05,-0.000247533980371,0.000334486838825,0.000529045358202,-3.52946509014e-05,0.00267088276352,-0.000128004666055,-0.000723020205859,-0.000659846346282,-3.35505649588e-05,-0.000741493782934
-0.000828182933842,4.27002741803e-05,-0.00017013895919,0.000154808032455,5.29613746699e-05,0.000189357282646,-0.000128004666055,0.00263026496094,-0.000270467174414,0.00111725800759,-0.00039751630551,9.3560150135e-05
0.0019467529376,0.000947182338275,0.000210381946665,-6.02395199414e-05,-0.000958876574734,0.000136196487895,-0.000723020205859,-0.000270467174414,0.00452104332917,0.000634568858677,-0.000383432085681,0.00106250689058
-0.00220896516254,0.000581555972997,7.40551202414e-05,0.000313197042159,-0.000346997805972,0.000351953954416,-0.000659846346282,0.00111725800759,0.000634568858677,0.00563361185607,0.000233250401984,0.00045012075649
-0.00106439785303,-0.000266384078487,0.000179169966523,-0.000108841360993,0.000344959742813,-5.49945686721e-05,-3.35505649588e-05,-0.00039751630551,-0.000383432085681,0.000233250401984,0.0040286522941,-0.000887836050497
0.00268495947759,0.000189131716993,7.85952708062e-05,-0.000177079355454,-0.000530158055336,4.89440407076e-05,-0.000741493782934,9.3560150135e-05,0.00106250689058,0.00045012075649,-0.000887836050497,0.00332839112302
