The first line is mean vector, the rest are inversed covariance matrix.
41.2204590781,-75.6620696143,-25.1159247413,-10.4699078081,-32.112971778,-7.33111947319,-6.07447883349,-16.7111326435,5.41633866416,-8.23806585136,6.36369143932,5.86277328316
0.0488189020306,-0.000733256741357,-0.00327351339812,-0.000268395582308,-0.000237880726141,-0.00121598295408,0.00219183381357,0.00174738473843,-0.00127556474197,-0.000320992865093,-0.000983418426083,-0.0021445254259
-0.000733256741357,0.000660577388244,-7.33839880916e-05,-1.7082041901e-05,-0.000137533264989,-0.000142936231089,0.000306612118197,-0.000164474230542,-0.000115983021382,-0.000259017009104,-7.63785419499e-05,0.00019272028928
-0.00327351339812,-7.33839880916e-05,0.000889583643382,4.74299117996e-05,0.000220622226617,0.000248261185452,-0.000438629572315,-0.000371895971835,-0.000313532386071,-0.000117243160553,2.84505036712e-06,0.000567824993631
-0.000268395582308,-1.7082041901e-05,4.74299117996e-05,0.00131922843609,0.000175494986168,0.000230721202983,-0.000281467773861,0.0007008425043,5.41061880074e-06,-0.000356496025455,0.000120776720114,9.52829560485e-05
-0.000237880726141,-0.000137533264989,0.000220622226617,0.000175494986168,0.00186852758048,0.000109303487111,-0.000808955367704,0.000240357574496,-1.43109713628e-05,0.000159296564124,0.000152313368048,5.00736803576e-05
-0.00121598295408,-0.000142936231089,0.000248261185452,0.000230721202983,0.000109303487111,0.00186460720361,-0.000375931130707,1.7285437572e-06,-0.00040568028107,0.000739064654542,-0.000674409140746,0.000289723611276
0.00219183381357,0.000306612118197,-0.000438629572315,-0.000281467773861,-0.000808955367704,-0.000375931130707,0.00253959172175,-0.000354093586918,5.48451116632e-05,0.000134116350091,-0.000477232870856,-0.000781677404084
0.00174738473843,-0.000164474230542,-0.000371895971835,0.0007008425043,0.000240357574496,1.7285437572e-06,-0.000354093586918,0.00316160855709,0.000111232518297,0.000131171706753,0.000334774198381,-0.000797432390849
-0.00127556474197,-0.000115983021382,-0.000313532386071,5.41061880074e-06,-1.43109713628e-05,-0.00040568028107,5.48451116632e-05,0.000111232518297,0.00408969386876,0.000364987518354,0.000145318043159,-0.00081238978437
-0.000320992865093,-0.000259017009104,-0.000117243160553,-0.000356496025455,0.000159296564124,0.000739064654542,0.000134116350091,0.000131171706753,0.000364987518354,0.00362663556695,-0.000634879185635,-0.000738822170485
-0.000983418426083,-7.63785419499e-05,2.84505036712e-06,0.000120776720114,0.000152313368048,-0.000674409140746,-0.000477232870856,0.000334774198381,0.000145318043159,-0.000634879185635,0.00617158001269,5.63137559892e-05
-0.0021445254259,0.00019272028928,0.000567824993631,9.52829560485e-05,5.00736803576e-05,0.000289723611276,-0.000781677404084,-0.000797432390849,-0.00081238978437,-0.000738822170485,5.63137559892e-05,0.00506008758384
