The first line is mean vector, the rest are inversed covariance matrix.
49.6394158576,7.54408899676,13.0930032362,-7.68526860841,-10.7605744337,-22.1566375405,8.22244012945,-6.50277508091,2.73771682848,-3.22142394822,0.256346278317,-2.3722184466
0.108586438703,-0.00689623292679,-0.00596861914737,-0.00384815507589,-0.00626746626733,0.00110592439768,0.00406760817411,-0.00149452725577,-0.000619331631644,-0.000912709153893,0.000187046104018,0.0021982026349
-0.00689623292679,0.00109295464145,0.00014321942566,0.000592787806952,-0.000211232201843,0.000201813074144,0.000224056170566,0.000262734337408,0.000384864232189,0.000345191903862,6.72713446947e-05,-0.000171931344344
-0.00596861914737,0.00014321942566,0.00170008210119,7.47225616373e-05,0.00074434031646,-0.000277858097195,-0.000390161758065,-0.000572716331141,0.000191575456944,-0.000575909801161,-0.000153296544498,0.000369168137478
-0.00384815507589,0.000592787806952,7.47225616373e-05,0.00242683052104,0.000235412298529,0.00041607423658,0.000168085678412,0.00100225854392,0.000281691406545,9.48760402943e-05,0.000701585321621,-0.000959868010088
-0.00626746626733,-0.000211232201843,0.00074434031646,0.000235412298529,0.00310452151799,0.000364885357768,-0.000680755983798,-0.000300555621155,-0.000162158424033,1.50785728981e-06,1.56649555433e-05,-0.000975774036776
0.00110592439768,0.000201813074144,-0.000277858097195,0.00041607423658,0.000364885357768,0.00421650975624,-0.000512558771996,0.000553681808144,-0.000892641155887,0.0016700695933,-2.01505568067e-05,0.000338040147066
0.00406760817411,0.000224056170566,-0.000390161758065,0.000168085678412,-0.000680755983798,-0.000512558771996,0.00417079082564,0.000673161164517,0.00040022708831,0.000352295140401,3.58366131268e-05,-0.000706091496882
-0.00149452725577,0.000262734337408,-0.000572716331141,0.00100225854392,-0.000300555621155,0.000553681808144,0.000673161164517,0.0039166206946,6.61365754879e-05,0.00156461902453,0.000969254594876,-0.000514087903536
-0.000619331631644,0.000384864232189,0.000191575456944,0.000281691406545,-0.000162158424033,-0.000892641155887,0.00040022708831,6.61365754879e-05,0.00606430070627,0.00087174541158,-0.000240881975684,-0.00082515446278
-0.000912709153893,0.000345191903862,-0.000575909801161,9.48760402943e-05,1.50785728981e-06,0.0016700695933,0.000352295140401,0.00156461902453,0.00087174541158,0.00657618452071,0.000514589911465,-1.71938884926e-05
0.000187046104018,6.72713446947e-05,-0.000153296544498,0.000701585321621,1.56649555433e-05,-2.01505568067e-05,3.58366131268e-05,0.000969254594876,-0.000240881975684,0.000514589911465,0.00775625348883,-0.000786061792615
0.0021982026349,-0.000171931344344,0.000369168137478,-0.000959868010088,-0.000975774036776,0.000338040147066,-0.000706091496882,-0.000514087903536,-0.00082515446278,-1.71938884926e-05,-0.000786061792615,0.0083095999293
