The first line is mean vector, the rest are inversed covariance matrix.
32.0845204236,-34.8222473525,-68.6495332829,-25.0189871407,16.4408298033,-7.25447881997,-15.9333638427,-9.12128593041,5.73083736762,2.8088774584,2.31652723147,11.5344372163
0.0463929946699,0.00172785808784,-0.00258068855754,0.000691555545089,0.00289080112924,4.44909388791e-05,0.000228772485686,0.0027314665146,-0.00344775981462,0.00101937615865,-0.000866624129173,2.87122732811e-06
0.00172785808784,0.000746085839358,0.000161200871676,0.000166422039963,0.000162494332592,-6.91391051293e-05,0.000416315524565,-0.000154273597163,0.000158788272146,-7.7278225286e-05,-1.67587294988e-05,9.67602777656e-05
-0.00258068855754,0.000161200871676,0.00124081231707,-8.53942994069e-05,-0.000845947154857,-8.60875837283e-05,-0.000126831733485,-0.0003845945086,0.000923775654548,5.86295329101e-05,-8.97314131531e-05,0.000296367406113
0.000691555545089,0.000166422039963,-8.53942994069e-05,0.0014702772867,0.000334402970002,0.000248537594813,0.000192887793516,9.65021021263e-05,-0.000398865012458,-0.000631398387833,-0.000178858943119,-6.64056535561e-05
0.00289080112924,0.000162494332592,-0.000845947154857,0.000334402970002,0.00239175981955,0.000256946972916,-5.14872277427e-05,0.00028046511091,-0.000963039921501,0.00019284034602,-0.00010947586349,-0.000684285835676
4.44909388791e-05,-6.91391051293e-05,-8.60875837283e-05,0.000248537594813,0.000256946972916,0.00149017312329,-3.39741885969e-05,0.000251100472544,-0.000269402083914,-0.000339429738564,-1.11321472141e-05,-5.15742054758e-05
0.000228772485686,0.000416315524565,-0.000126831733485,0.000192887793516,-5.14872277427e-05,-3.39741885969e-05,0.00238985662504,-0.000235101468032,-0.00078337473667,-0.000491260460408,0.000772740503972,0.000286937790699
0.0027314665146,-0.000154273597163,-0.0003845945086,9.65021021263e-05,0.00028046511091,0.000251100472544,-0.000235101468032,0.0027699599064,-0.000259147648816,0.000317750275638,-0.000390087773684,0.000169793791049
-0.00344775981462,0.000158788272146,0.000923775654548,-0.000398865012458,-0.000963039921501,-0.000269402083914,-0.00078337473667,-0.000259147648816,0.00393421867448,0.000330413079778,-0.000193099280176,0.000385588936
0.00101937615865,-7.7278225286e-05,5.86295329101e-05,-0.000631398387833,0.00019284034602,-0.000339429738564,-0.000491260460408,0.000317750275638,0.000330413079778,0.00350401964649,-0.000105808778256,-1.92327719896e-05
-0.000866624129173,-1.67587294988e-05,-8.97314131531e-05,-0.000178858943119,-0.00010947586349,-1.11321472141e-05,0.000772740503972,-0.000390087773684,-0.000193099280176,-0.000105808778256,0.00482913187774,-5.81143560809e-05
2.87122732811e-06,9.67602777656e-05,0.000296367406113,-6.64056535561e-05,-0.000684285835676,-5.15742054758e-05,0.000286937790699,0.000169793791049,0.000385588936,-1.92327719896e-05,-5.81143560809e-05,0.00369491029931
