The first line is mean vector, the rest are inversed covariance matrix.
45.5308432836,-49.9246791045,15.8550238806,-2.90907014925,22.8149104478,-11.3548567164,-19.0780925373,-16.6506119403,8.42982985075,-2.76289402985,4.23871343284,4.90013731343
0.131784790004,-0.00351986762439,-0.00876976094313,-0.00171214582739,-0.00368552704105,0.000208290633513,0.00489855332125,0.00392913509555,-0.00286756110669,0.0026742938906,-0.000499318945549,-7.37007875675e-05
-0.00351986762439,0.000821386378293,0.000240208750264,0.000105906217879,0.000204369832172,-0.000168729532819,0.000171139990216,0.000187673885618,-0.000109106769536,0.000142831160866,-2.47729802519e-06,6.03729199693e-05
-0.00876976094313,0.000240208750264,0.00166799429783,0.000385898288517,-0.000250004516552,0.000114742709903,-0.000602036274662,-0.000617985813439,0.000347613129555,-0.000470022181613,0.000352901855897,0.000610679217747
-0.00171214582739,0.000105906217879,0.000385898288517,0.00105269154239,-0.000199292638664,0.000300849077303,-0.000125955090707,0.000172646193883,-9.36152512821e-05,-0.000258996949843,0.000620774041056,1.84996063704e-05
-0.00368552704105,0.000204369832172,-0.000250004516552,-0.000199292638664,0.00201501045702,0.000103177197759,-0.000727159242645,2.68328737668e-05,-0.000612234830411,0.000196956333583,-0.000121575342248,-0.000250478745016
0.000208290633513,-0.000168729532819,0.000114742709903,0.000300849077303,0.000103177197759,0.00159571582847,-0.000457323641458,0.000316037253645,-0.000217556407424,0.000461768108011,4.93183242783e-05,0.000524938041779
0.00489855332125,0.000171139990216,-0.000602036274662,-0.000125955090707,-0.000727159242645,-0.000457323641458,0.0023883135541,0.000166641841404,-0.000171932563808,-5.94966834814e-05,-0.000283196921733,-0.000859913620853
0.00392913509555,0.000187673885618,-0.000617985813439,0.000172646193883,2.68328737668e-05,0.000316037253645,0.000166641841404,0.00190320704418,-7.82515264478e-05,0.000539347907263,0.00038212402972,0.000105573340541
-0.00286756110669,-0.000109106769536,0.000347613129555,-9.36152512821e-05,-0.000612234830411,-0.000217556407424,-0.000171932563808,-7.82515264478e-05,0.00341176063977,0.000467861692331,-0.000117222863044,-9.48266210339e-05
0.0026742938906,0.000142831160866,-0.000470022181613,-0.000258996949843,0.000196956333583,0.000461768108011,-5.94966834814e-05,0.000539347907263,0.000467861692331,0.00356593984318,-0.000420710479991,0.000175397602295
-0.000499318945548,-2.47729802519e-06,0.000352901855897,0.000620774041056,-0.000121575342248,4.93183242783e-05,-0.000283196921733,0.00038212402972,-0.000117222863044,-0.000420710479991,0.00385087908516,-0.000115523320972
-7.37007875675e-05,6.03729199693e-05,0.000610679217747,1.84996063704e-05,-0.000250478745016,0.000524938041779,-0.000859913620853,0.000105573340541,-9.48266210339e-05,0.000175397602295,-0.000115523320972,0.00301456961484
