The first line is mean vector, the rest are inversed covariance matrix.
47.1200835422,86.0625680869,-20.6229172932,4.39065162907,3.61107936508,-14.1394026734,-6.51992314119,-1.40076775272,11.2981311612,4.33136090226,5.59247117794,-0.749822055138
0.0994296524207,-0.000803956930416,-0.00386031469806,-0.00363500067194,0.00276583808175,-0.000443382340919,-0.000966008359194,-0.0010736168879,-0.00323607673359,-0.00451310270096,-0.00254105708415,0.00111550692589
-0.000803956930416,0.000842447508875,-8.41645348592e-05,-8.77184671056e-05,-0.000261295821974,-0.000221283339798,0.000379357421691,5.85258242352e-05,-0.000143434915236,0.000371465740323,-6.17137811162e-05,-5.18673310495e-05
-0.00386031469806,-8.41645348592e-05,0.000686999876152,0.000277967526535,-0.000158302191092,9.27610704323e-06,-0.000110675104257,-1.85720835871e-05,4.26828438535e-05,-7.57100826673e-05,0.000288292780006,-0.00041769664639
-0.00363500067194,-8.77184671056e-05,0.000277967526535,0.0014331651116,-0.000244537079842,0.00053342356648,-7.91782031708e-05,-0.000591409468883,0.000309894073004,-0.000140672864997,-8.05378982986e-05,5.26529403977e-05
0.00276583808175,-0.000261295821974,-0.000158302191092,-0.000244537079842,0.00169112373592,-0.000231092436333,-0.000271460679272,0.000860185347418,-0.000514135398577,0.000346956620295,0.000217531407981,-0.000503256793818
-0.000443382340919,-0.000221283339798,9.27610704323e-06,0.00053342356648,-0.000231092436333,0.00176899093163,3.43997880534e-05,-0.000604647134516,0.000178537187759,-0.000184422166909,-5.87628257428e-05,0.000486902400853
-0.000966008359194,0.000379357421691,-0.000110675104257,-7.91782031708e-05,-0.000271460679272,3.43997880534e-05,0.00199033100576,-0.000521016374425,-0.000297573328624,-6.23653831215e-05,-0.000406065178499,-0.000536679407222
-0.0010736168879,5.85258242352e-05,-1.85720835871e-05,-0.000591409468883,0.000860185347418,-0.000604647134516,-0.000521016374425,0.00380099318017,-0.000468086776187,0.000217389295249,-0.000209781671264,-0.00043572910107
-0.00323607673359,-0.000143434915236,4.26828438535e-05,0.000309894073004,-0.000514135398577,0.000178537187759,-0.000297573328624,-0.000468086776187,0.00449450141961,-6.28577737524e-05,8.75078147442e-05,-0.000404397543597
-0.00451310270096,0.000371465740323,-7.57100826673e-05,-0.000140672864997,0.000346956620295,-0.000184422166909,-6.23653831215e-05,0.000217389295249,-6.28577737524e-05,0.00417347344451,0.00019694154103,-0.000420425061931
-0.00254105708415,-6.17137811162e-05,0.000288292780006,-8.05378982986e-05,0.000217531407981,-5.87628257428e-05,-0.000406065178499,-0.000209781671264,8.75078147442e-05,0.00019694154103,0.00427380570898,0.000577758064459
0.00111550692589,-5.18673310495e-05,-0.00041769664639,5.26529403977e-05,-0.000503256793818,0.000486902400853,-0.000536679407222,-0.00043572910107,-0.000404397543597,-0.000420425061931,0.000577758064459,0.00570397988049
