The first line is mean vector, the rest are inversed covariance matrix.
44.2805882353,5.92666742081,6.14104072398,-7.54230429864,2.19030995475,-19.2682205882,2.8958438914,-3.39673190045,11.0106957014,3.02934615385,1.89196153846,4.08855656109
0.032740927901,-0.000893207844969,-0.00203814913189,0.000433256575012,0.00107503639907,0.00121805526814,0.000360755941064,0.000390706841038,-0.00316206873712,-0.00127017502137,-0.000277618287893,0.000245097189926
-0.000893207844969,0.000783297621344,-5.2419666409e-05,4.1837067131e-05,-5.41769882828e-06,0.000108559149695,0.000264941340532,-0.00010909181739,0.00017057659369,0.00013881403822,-0.00012929296346,2.60417927309e-05
-0.00203814913189,-5.2419666409e-05,0.000760524794909,-7.68186592466e-05,-0.000115982912086,-0.000149476018793,-0.000319603026663,6.62714007082e-06,-0.000365077770541,-3.01831320597e-05,0.000133252561322,-1.14191033082e-05
0.000433256575012,4.1837067131e-05,-7.68186592466e-05,0.000974194710147,0.000166443112149,0.000579506896778,8.52575593295e-05,-0.000134337155089,-0.000138868716038,0.000171464463479,-0.00025864226725,-0.000179945041711
0.00107503639907,-5.41769882828e-06,-0.000115982912086,0.000166443112149,0.00206799449489,5.27494139532e-05,-5.50843821322e-05,-0.000283985725655,-6.64809273742e-05,0.000314342335315,0.000116728885112,-0.000140219406772
0.00121805526814,0.000108559149695,-0.000149476018793,0.000579506896778,5.27494139532e-05,0.00185551075467,0.000112876885475,0.000146801425688,-5.50065277042e-05,0.000235753274018,-4.56176270798e-05,-0.000186407825375
0.000360755941064,0.000264941340532,-0.000319603026663,8.52575593295e-05,-5.50843821322e-05,0.000112876885475,0.00189433680715,-1.13235318729e-05,0.000336001927987,-0.000200759482188,0.000131605704294,-0.000463200718758
0.000390706841038,-0.00010909181739,6.62714007082e-06,-0.000134337155089,-0.000283985725655,0.000146801425688,-1.13235318729e-05,0.0030279016997,-0.000423429778688,0.000404866363834,-0.00026014834264,0.000290191907559
-0.00316206873712,0.00017057659369,-0.000365077770541,-0.000138868716038,-6.64809273742e-05,-5.50065277042e-05,0.000336001927987,-0.000423429778688,0.00408068902458,-0.000241133047419,0.000462801017781,0.00078052538482
-0.00127017502137,0.00013881403822,-3.01831320597e-05,0.000171464463479,0.000314342335315,0.000235753274018,-0.000200759482188,0.000404866363834,-0.000241133047419,0.00447330902905,7.38226896053e-05,0.000776877516906
-0.000277618287893,-0.00012929296346,0.000133252561322,-0.00025864226725,0.000116728885112,-4.56176270798e-05,0.000131605704294,-0.00026014834264,0.000462801017781,7.38226896053e-05,0.00615415595052,-0.000638689766801
0.000245097189926,2.60417927309e-05,-1.14191033082e-05,-0.000179945041711,-0.000140219406772,-0.000186407825375,-0.000463200718758,0.000290191907559,0.00078052538482,0.000776877516906,-0.000638689766801,0.00389583310931
