The first line is mean vector, the rest are inversed covariance matrix.
42.0806389937,-30.3856591195,-24.6512176101,-20.4116490566,2.58863899371,-12.6060654088,-5.2966918239,-9.18902767296,13.286290566,1.29502515723,-4.22559119497,0.214280503145
0.118540805243,-0.00239673665546,-0.00732294419903,-0.00326016863372,-0.00216301119724,-0.00491528127371,-0.00248613169567,-0.000584061898721,-0.00189373753693,-0.00450208878797,0.00455201427675,0.00270389002653
-0.00239673665546,0.000949479364275,0.000374159824895,0.00016957891012,-0.000169223808149,-0.000180852747137,0.000638932142873,-0.000167738244074,0.000198247160505,-2.64989157389e-05,-0.000548892265868,-0.000449993939394
-0.00732294419903,0.000374159824895,0.00154818078736,0.000311644829594,-0.000280397079399,7.67811566164e-05,0.00018834057078,-0.000448227130354,0.000451425503654,-0.000210887539004,-0.00057047308938,-0.000715921427058
-0.00326016863372,0.00016957891012,0.000311644829594,0.00133138237335,1.64891470056e-05,0.000601366184609,0.000428754915742,-8.09824331779e-05,0.000148131300421,0.000160238629743,0.000989372901333,-0.000651174842148
-0.00216301119724,-0.000169223808149,-0.000280397079399,1.64891470056e-05,0.0024455219456,0.000373490143157,-0.00104334746089,-0.000286537827479,-0.000958105498586,0.000176961618085,-6.16210004604e-05,6.34013083058e-05
-0.00491528127371,-0.000180852747137,7.67811566164e-05,0.000601366184609,0.000373490143157,0.00226315823964,5.54663824555e-05,0.000298632744116,0.000355938538764,0.000755376926634,0.000700128449806,5.66559018377e-05
-0.00248613169567,0.000638932142873,0.00018834057078,0.000428754915742,-0.00104334746089,5.54663824555e-05,0.0033850426059,0.000156226555552,0.000424456177087,0.000188419414471,0.000366832221521,-0.00139501090816
-0.000584061898721,-0.000167738244074,-0.000448227130354,-8.09824331779e-05,-0.000286537827479,0.000298632744116,0.000156226555552,0.00335517398248,3.5748648084e-06,0.00122401310577,0.000750044108686,-0.00023978114769
-0.00189373753693,0.000198247160505,0.000451425503654,0.000148131300421,-0.000958105498586,0.000355938538764,0.000424456177087,3.5748648084e-06,0.00300861571281,0.000262903780168,-0.000834125264167,0.00032557304916
-0.00450208878797,-2.64989157389e-05,-0.000210887539004,0.000160238629743,0.000176961618085,0.000755376926634,0.000188419414471,0.00122401310577,0.000262903780168,0.00517428425978,0.000805855023448,-0.000508951034886
0.00455201427675,-0.000548892265868,-0.00057047308938,0.000989372901333,-6.16210004604e-05,0.000700128449806,0.000366832221521,0.000750044108686,-0.000834125264167,0.000805855023448,0.00684752511604,-0.000804114628526
0.00270389002653,-0.000449993939394,-0.000715921427058,-0.000651174842148,6.34013083058e-05,5.66559018377e-05,-0.00139501090816,-0.00023978114769,0.00032557304916,-0.000508951034886,-0.000804114628526,0.00606799640562
