The first line is mean vector, the rest are inversed covariance matrix.
47.6165769231,43.8727555831,25.3402431762,5.67127295285,29.4951861042,-1.71292183623,-5.22526923077,-3.93326426799,-14.4984057072,2.28790942928,-6.76774565757,-10.271869727
0.0558906379671,-0.000435245744447,0.000657590036556,-0.00127394747868,0.00018259427206,0.00261258805252,-0.00187089461398,0.00122398154276,-0.00218665115035,-0.00153524028351,-0.00176980678773,0.00245365278168
-0.000435245744447,0.000761254573917,3.52109291096e-05,-8.68974980955e-05,6.16191481754e-05,-0.000103771826453,0.000348901461262,0.000146430608839,-5.6205111862e-06,3.83065704004e-05,-0.00025972688453,-0.000182936821101
0.000657590036556,3.52109291096e-05,0.000660247048337,-0.000184224328637,-0.000507378923315,-0.000142325878335,-4.68932020566e-05,9.57065947971e-05,0.000118022435487,0.000252539654615,-0.000277453110044,0.00031324437047
-0.00127394747868,-8.68974980955e-05,-0.000184224328637,0.000721103416537,6.57480935812e-05,6.46947066604e-05,9.61461883561e-06,2.27892675066e-06,-6.47018338128e-05,0.00024459260755,0.00055990083519,-0.000505253914049
0.00018259427206,6.16191481754e-05,-0.000507378923315,6.57480935812e-05,0.00181187382518,-0.000147181513787,2.22044639749e-05,-2.78124095912e-05,-0.000144875178101,-0.000179742125863,0.000299874113012,-0.000574098689467
0.00261258805252,-0.000103771826453,-0.000142325878335,6.46947066604e-05,-0.000147181513787,0.00147195680155,-0.000191891821434,0.000380988082681,6.73937587395e-05,0.000189569563114,0.000120112178727,-0.000203158786972
-0.00187089461398,0.000348901461262,-4.68932020566e-05,9.61461883561e-06,2.22044639749e-05,-0.000191891821434,0.00165206683849,2.14093187515e-05,-0.000681240346876,-0.000588231563973,-0.000192875242996,-0.000519365334158
0.00122398154276,0.000146430608839,9.57065947971e-05,2.27892675066e-06,-2.78124095912e-05,0.000380988082681,2.14093187515e-05,0.00212782013223,-0.000379282243452,0.000517621008251,7.47482899162e-05,0.000150212972911
-0.00218665115035,-5.6205111862e-06,0.000118022435487,-6.47018338128e-05,-0.000144875178101,6.73937587395e-05,-0.000681240346876,-0.000379282243452,0.00414238334907,0.00069497176939,1.95854221328e-05,-0.000400632767
-0.00153524028351,3.83065704004e-05,0.000252539654615,0.00024459260755,-0.000179742125863,0.000189569563114,-0.000588231563973,0.000517621008251,0.00069497176939,0.00400480645632,0.000204855470502,-0.000121143584594
-0.00176980678773,-0.00025972688453,-0.000277453110044,0.00055990083519,0.000299874113012,0.000120112178727,-0.000192875242996,7.47482899162e-05,1.95854221328e-05,0.000204855470502,0.00351825727131,-0.0003929417736
0.00245365278168,-0.000182936821101,0.00031324437047,-0.000505253914049,-0.000574098689467,-0.000203158786972,-0.000519365334158,0.000150212972911,-0.000400632767,-0.000121143584594,-0.0003929417736,0.00366940249859
