The first line is mean vector, the rest are inversed covariance matrix.
50.5222261753,58.5282770013,30.7267179161,0.509834815756,-1.28962515883,-20.717205845,7.96258449809,-0.657448538755,-6.6885501906,4.09641550191,2.35868614994,5.98825540025
0.0495893359611,-5.79821752506e-06,0.000542557641077,0.000131159386336,0.00410390257264,-0.00169575464379,0.00116887284045,0.000753561994732,-0.00148595467458,-0.000233184343369,-0.000238573441346,-0.00592527043709
-5.79821752506e-06,0.00253211305043,0.000119140928687,0.000302523482252,0.000256792389061,-0.000279309660363,0.000694636837648,-0.000183839251089,0.00162679827091,0.000131772015566,0.000431106827579,-0.00141124305565
0.000542557641077,0.000119140928687,0.00170558334213,-0.000308429608965,-0.000500059202343,-7.64092608211e-05,-0.000781080905267,0.000108189653051,0.000466414174673,0.000426153912162,6.97973399277e-05,-0.000537321053799
0.000131159386336,0.000302523482252,-0.000308429608965,0.00331938659677,-0.000277732470102,0.000683532169506,0.00031658319149,0.000291928143011,0.000119415668342,9.67851814668e-05,0.000175888502101,-0.00173758258449
0.00410390257264,0.000256792389061,-0.000500059202343,-0.000277732470102,0.00426357475031,-0.00050538130416,0.000423122237691,0.00120198025156,-0.000390514676957,0.000217247018489,0.000599690108159,-0.000180114778757
-0.00169575464379,-0.000279309660363,-7.64092608211e-05,0.000683532169506,-0.00050538130416,0.00446416716732,-3.93786037337e-05,0.00115622695404,-0.000182790633274,0.00109944073947,0.000819429524923,-0.00034647310752
0.00116887284045,0.000694636837648,-0.000781080905267,0.00031658319149,0.000423122237691,-3.93786037337e-05,0.00340754329354,-0.000572273772285,-0.000347555978235,0.000522286919763,-0.000136611860761,-0.0014804705443
0.000753561994732,-0.000183839251089,0.000108189653051,0.000291928143011,0.00120198025156,0.00115622695404,-0.000572273772285,0.00721557607093,-3.30661849311e-05,0.00211173987686,-0.000239914121862,-0.000731174132227
-0.00148595467458,0.00162679827091,0.000466414174673,0.000119415668342,-0.000390514676957,-0.000182790633274,-0.000347555978235,-3.30661849311e-05,0.0076578412539,-0.000693205873251,0.000506316394215,0.000201768474293
-0.000233184343369,0.000131772015566,0.000426153912162,9.67851814668e-05,0.000217247018489,0.00109944073947,0.000522286919763,0.00211173987686,-0.000693205873251,0.00983341427554,-0.000748186136459,-0.0007165978957
-0.000238573441346,0.000431106827579,6.97973399277e-05,0.000175888502101,0.000599690108159,0.000819429524923,-0.000136611860761,-0.000239914121862,0.000506316394215,-0.000748186136459,0.0118340023045,-0.00108915061594
-0.00592527043709,-0.00141124305565,-0.000537321053799,-0.00173758258449,-0.000180114778757,-0.00034647310752,-0.0014804705443,-0.000731174132227,0.000201768474293,-0.0007165978957,-0.00108915061594,0.00908425776926
