The first line is mean vector, the rest are inversed covariance matrix.
44.6468735833,-3.87988578901,-9.38219703575,-11.2497576286,2.12017088056,-20.9052458588,-0.360775937228,-5.81870793374,2.27446817786,-0.768101133391,-1.34359197908,-5.53254925894
0.0779731199908,-0.00457985062414,-0.00582392286124,-0.00170535605584,0.00111863213413,0.000813411595552,-0.00472461692141,-0.00168861131391,-0.00121101028103,-0.00252282901916,0.00235709373359,0.00503924441538
-0.00457985062414,0.000858884902192,0.000176829417033,0.000332636531365,-0.000160284891695,6.32243589568e-05,0.000343427575908,0.000122703054248,-5.78996789003e-06,0.000126820886944,0.000104492120517,-0.000270940684147
-0.00582392286124,0.000176829417033,0.00103505575038,-5.4854567153e-05,6.97951232118e-05,-0.000225834036216,0.000279794983627,-0.000209357515885,4.49674353672e-05,-0.000106201702383,1.70533162495e-05,-0.00037439642813
-0.00170535605584,0.000332636531365,-5.4854567153e-05,0.00163924684193,-8.25274531238e-05,0.000273487819722,-5.61438987857e-05,0.000369450320532,0.000188528318978,-0.000239377226415,-0.000211315077193,-2.15985447606e-05
0.00111863213413,-0.000160284891695,6.97951232118e-05,-8.25274531238e-05,0.00113080783047,6.55219885287e-05,-6.89468428372e-05,4.36245558494e-05,-0.00026048211353,0.000294413959894,0.000249003623445,-0.000232015243802
0.000813411595552,6.32243589568e-05,-0.000225834036216,0.000273487819722,6.55219885287e-05,0.00305861145116,0.000139502742597,3.02948261242e-06,-0.000225251535379,0.00111424394572,-0.000561285114405,0.000179399947319
-0.00472461692141,0.000343427575908,0.000279794983627,-5.61438987857e-05,-6.89468428372e-05,0.000139502742597,0.00239573776935,-0.000539549734512,6.21469589751e-05,0.000215074966751,-0.00010213287598,-0.000704690150223
-0.00168861131391,0.000122703054248,-0.000209357515885,0.000369450320532,4.36245558494e-05,3.02948261242e-06,-0.000539549734512,0.00298752734162,-0.000223095679462,0.000259310330446,-0.000279413613564,4.07510333895e-05
-0.00121101028103,-5.78996789003e-06,4.49674353672e-05,0.000188528318978,-0.00026048211353,-0.000225251535379,6.21469589751e-05,-0.000223095679462,0.00310377276884,-0.000819279866441,0.000185296470739,-0.000223383685202
-0.00252282901916,0.000126820886944,-0.000106201702383,-0.000239377226415,0.000294413959894,0.00111424394572,0.000215074966751,0.000259310330446,-0.000819279866441,0.00512607388472,0.000233117415459,-2.34454570618e-05
0.00235709373359,0.000104492120517,1.70533162495e-05,-0.000211315077193,0.000249003623445,-0.000561285114405,-0.00010213287598,-0.000279413613564,0.000185296470739,0.000233117415459,0.00744954045099,-0.000662398823416
0.00503924441538,-0.000270940684147,-0.00037439642813,-2.15985447606e-05,-0.000232015243802,0.000179399947319,-0.000704690150223,4.07510333895e-05,-0.000223383685202,-2.34454570618e-05,-0.000662398823416,0.00250673970797
