The first line is mean vector, the rest are inversed covariance matrix.
48.6048657718,28.2175583893,22.2136765101,5.87722147651,19.267104698,-5.73195167785,11.8653865772,-1.20143758389,5.16315973154,2.11894362416,-1.77527114094,-8.04139328859
0.0302247091822,-0.000168181765768,-0.000264609221229,0.000176455924407,-0.000964800243071,0.000645248847062,-0.000480219799034,-0.000703329136943,0.000201703376772,0.00024582184374,-8.07833152843e-05,0.00103069660764
-0.000168181765768,0.00153549567113,0.000544054460868,0.00026543955854,-0.000343457241937,-2.485342455e-05,0.000650306397545,-0.000145998684286,0.00103023410771,0.00026988207138,-0.000146746136623,-5.3957830425e-05
-0.000264609221229,0.000544054460868,0.0013419057892,5.66026679121e-05,-0.000769930359802,-6.57969636381e-05,0.000143686687554,-7.23419953759e-05,0.000785370922379,-0.000157413888615,-0.000136412128149,-0.000345006922256
0.000176455924407,0.00026543955854,5.66026679121e-05,0.000908741032031,-0.000211091172757,3.74924941132e-05,0.000540037560319,-0.000154798930369,8.59066212203e-05,0.000320611844144,7.96426813891e-05,-0.000512113102653
-0.000964800243071,-0.000343457241937,-0.000769930359802,-0.000211091172757,0.00177511449723,0.000103305655191,-0.000320607564566,0.000210666855918,-0.000871812961326,-2.84659129224e-05,-5.54577596554e-05,0.000124748847921
0.000645248847062,-2.485342455e-05,-6.57969636381e-05,3.74924941132e-05,0.000103305655191,0.000927766421585,0.000117582967586,0.000124103607524,8.98189853693e-06,-6.06027725819e-05,-0.000406051352662,-1.77872994113e-05
-0.000480219799034,0.000650306397545,0.000143686687554,0.000540037560319,-0.000320607564566,0.000117582967586,0.00188809486542,-0.000194692899293,0.000155546795405,-0.000113581120421,4.47392301462e-05,-0.000383802656704
-0.000703329136943,-0.000145998684286,-7.23419953759e-05,-0.000154798930369,0.000210666855918,0.000124103607524,-0.000194692899293,0.00246470687036,-0.000314080507066,-8.00555235785e-05,0.00014449548864,-8.38288560936e-05
0.000201703376772,0.00103023410771,0.000785370922379,8.59066212203e-05,-0.000871812961326,8.98189853693e-06,0.000155546795405,-0.000314080507066,0.0042946419337,0.000254734561924,-0.000530015615819,7.7664064161e-05
0.00024582184374,0.00026988207138,-0.000157413888615,0.000320611844144,-2.84659129224e-05,-6.06027725819e-05,-0.000113581120421,-8.00555235785e-05,0.000254734561924,0.00311588443238,-0.000234703847411,0.000102971048718
-8.07833152843e-05,-0.000146746136623,-0.000136412128149,7.96426813891e-05,-5.54577596554e-05,-0.000406051352662,4.47392301462e-05,0.00014449548864,-0.000530015615819,-0.000234703847411,0.00337103247442,4.64526301469e-05
0.00103069660764,-5.3957830425e-05,-0.000345006922256,-0.000512113102653,0.000124748847921,-1.77872994113e-05,-0.000383802656704,-8.38288560936e-05,7.7664064161e-05,0.000102971048718,4.64526301469e-05,0.00478913577447
