The first line is mean vector, the rest are inversed covariance matrix.
36.085545045,-66.2273858859,-72.219542042,-27.0806171171,-3.92988738739,17.5708408408,-19.2822777778,-14.1592897898,0.0961441441441,-9.56491141141,-4.23968168168,14.7650900901
0.0718483326202,-0.000763704665325,-0.00528512747596,-0.00186056099894,-0.0041690429863,-0.000800303174866,0.00231769035106,0.00151886643535,-0.00280629068656,-0.00226186854133,-4.25271539553e-05,0.00438915431242
-0.000763704665325,0.000759841981021,-5.49691025436e-05,0.000109048329166,-4.9338930516e-05,-2.16657153093e-05,0.000190040901092,0.000107558657626,0.000133572799621,-0.000161779595261,-0.000134466963951,8.62140209488e-05
-0.00528512747596,-5.49691025436e-05,0.001208659211,0.000281765960663,-0.000374150431712,0.000188420896143,-0.000560957844922,-0.000343403310934,0.000616033738698,3.68782063613e-05,7.17170334206e-05,0.000298623662042
-0.00186056099894,0.000109048329166,0.000281765960663,0.000552799305127,-0.000150496390355,0.000171516943638,-5.87013782675e-05,4.14415214507e-05,0.000225151691295,-2.23040958858e-05,0.000285821127284,-0.000138200594941
-0.0041690429863,-4.9338930516e-05,-0.000374150431712,-0.000150496390355,0.00251961082582,-0.000117389606009,-0.000397447107059,-0.00033288642309,-0.000587687751563,-0.000166730661171,2.73818890285e-05,-0.000413084538221
-0.000800303174866,-2.16657153093e-05,0.000188420896143,0.000171516943638,-0.000117389606009,0.000931926341872,-0.000523941530041,0.000134019456512,0.000191986011061,0.000176480045409,0.000303187440032,0.000137968990291
0.00231769035106,0.000190040901092,-0.000560957844922,-5.87013782675e-05,-0.000397447107059,-0.000523941530041,0.00278169988538,0.000311467153835,-0.000862036246488,-0.000439149477228,-0.000216844500843,-0.000512439921771
0.00151886643535,0.000107558657626,-0.000343403310934,4.14415214507e-05,-0.00033288642309,0.000134019456512,0.000311467153835,0.00190723652524,-0.000217719521314,0.000230591373853,0.000363306180463,0.000112750058366
-0.00280629068656,0.000133572799621,0.000616033738698,0.000225151691295,-0.000587687751563,0.000191986011061,-0.000862036246488,-0.000217719521314,0.00441952659264,0.00110680833843,-0.000165739270554,-0.000565388822864
-0.00226186854133,-0.000161779595261,3.68782063613e-05,-2.23040958858e-05,-0.000166730661171,0.000176480045409,-0.000439149477228,0.000230591373853,0.00110680833843,0.00254795462233,-6.11931903974e-05,-0.000338728050066
-4.25271539553e-05,-0.000134466963951,7.17170334206e-05,0.000285821127284,2.73818890285e-05,0.000303187440032,-0.000216844500843,0.000363306180463,-0.000165739270554,-6.11931903974e-05,0.00248099904995,1.47443361553e-05
0.00438915431242,8.62140209488e-05,0.000298623662042,-0.000138200594941,-0.000413084538221,0.000137968990291,-0.000512439921771,0.000112750058366,-0.000565388822864,-0.000338728050066,1.47443361553e-05,0.00382075347939
