The first line is mean vector, the rest are inversed covariance matrix.
47.2865949721,33.7810893855,5.65397579143,8.9637160149,5.60061918063,11.5507932961,-16.6778519553,-0.546976722533,-1.4099310987,9.47109404097,-0.998337057728,-1.59074115456
0.0462424628984,-0.00154743357792,-0.00151987956737,-0.000875141309013,-0.000547156191864,0.00120416218769,-0.00112545315117,0.000689001011969,-0.0015289671973,-3.0281458739e-05,-0.000822040367922,0.000571005196997
-0.00154743357792,0.000602447304667,0.000116086377186,4.90935432245e-05,-3.45827927634e-05,-5.27938200965e-05,0.000130173603378,-2.36730985655e-05,0.000223516992005,8.75274862218e-05,-5.00656847631e-05,-0.000200177291806
-0.00151987956737,0.000116086377186,0.000892704703201,0.00022137406471,-0.000415896551815,1.60042822608e-06,0.000107811216157,5.61042803322e-06,0.000198577622049,0.000234338757282,4.95994492082e-06,0.000119501185584
-0.000875141309013,4.90935432245e-05,0.00022137406471,0.000482479776434,-7.76711542191e-05,1.08062739433e-05,0.000105413698045,-0.000156793574865,4.26681335828e-05,2.40949924351e-05,-5.17623139283e-05,-8.5744399635e-05
-0.000547156191864,-3.45827927634e-05,-0.000415896551815,-7.76711542191e-05,0.00149308028728,-0.000277166261201,6.67922179042e-05,-0.000173854801694,-0.000365554247943,-0.000223395775868,0.000111848655596,-0.00032271250875
0.00120416218769,-5.27938200965e-05,1.60042822608e-06,1.08062739433e-05,-0.000277166261201,0.000617712791564,-0.000186833685485,3.69240407792e-05,0.00015038470047,9.4456560208e-05,2.0007993065e-05,-0.000150432332443
-0.00112545315117,0.000130173603378,0.000107811216157,0.000105413698045,6.67922179042e-05,-0.000186833685485,0.00166979404577,0.00011831716904,-0.000192155094561,-0.00051283332772,-0.000137698772122,-0.000218363754
0.000689001011969,-2.36730985655e-05,5.61042803322e-06,-0.000156793574865,-0.000173854801694,3.69240407792e-05,0.00011831716904,0.00162033850598,-0.000318759577899,0.000367280394181,-0.000181083653615,-0.000128656527347
-0.0015289671973,0.000223516992005,0.000198577622049,4.26681335828e-05,-0.000365554247943,0.00015038470047,-0.000192155094561,-0.000318759577899,0.00306285767819,0.000184698921427,0.000161183377115,0.000284504928666
-3.0281458739e-05,8.75274862218e-05,0.000234338757282,2.40949924351e-05,-0.000223395775868,9.4456560208e-05,-0.00051283332772,0.000367280394181,0.000184698921427,0.00214244205953,-0.000215903740674,-4.29259167167e-05
-0.000822040367922,-5.00656847631e-05,4.95994492082e-06,-5.17623139283e-05,0.000111848655596,2.0007993065e-05,-0.000137698772122,-0.000181083653615,0.000161183377115,-0.000215903740674,0.00206591601759,0.000415909822374
0.000571005196997,-0.000200177291806,0.000119501185584,-8.5744399635e-05,-0.00032271250875,-0.000150432332443,-0.000218363754,-0.000128656527347,0.000284504928666,-4.29259167167e-05,0.000415909822374,0.00385574253923
