The first line is mean vector, the rest are inversed covariance matrix.
35.5213866967,-45.617464487,-33.5687023675,-10.2263742954,5.75533145434,-11.6015039459,5.76116459977,-1.18837091319,8.23425253664,0.578196166855,-1.08504058625,7.92482976325
0.0327032530725,-0.000388163219759,-0.00275797461044,-0.00108481914355,-0.000539902535959,-0.000341836573642,0.00108533410104,0.000940627153057,-0.00280697622368,-0.000275637797324,0.000507805948654,0.000778249962118
-0.000388163219759,0.000536222222285,3.01381404704e-05,2.7064015408e-05,-1.16136635171e-05,3.90874472073e-05,-5.75672687696e-05,2.29545341077e-05,9.19418091536e-05,0.000282876607712,-2.3542288e-05,0.000108637442353
-0.00275797461044,3.01381404704e-05,0.000852789290779,0.000223259727195,-0.000210807328984,1.31306032019e-05,-0.000359051259134,-0.000352512347571,0.000556539972162,-0.00020800321411,0.000104726332663,0.000176924290126
-0.00108481914355,2.7064015408e-05,0.000223259727195,0.000555493210602,3.19632301976e-05,0.000202063107742,-0.000131281043672,4.00915039954e-05,9.18864783833e-05,-0.000133658506294,0.000123054551317,0.000129670044562
-0.000539902535959,-1.16136635171e-05,-0.000210807328984,3.19632301976e-05,0.00141543938551,0.000122138412333,-0.000236089669983,-2.10803277432e-05,-0.00014707755901,9.09078093586e-05,0.000197032408728,-0.0004422679602
-0.000341836573642,3.90874472073e-05,1.31306032019e-05,0.000202063107742,0.000122138412333,0.00131211732394,-0.000138844826173,0.000172530788978,2.59649113626e-05,0.00041100154251,0.000340003004935,0.000307525370957
0.00108533410104,-5.75672687696e-05,-0.000359051259134,-0.000131281043672,-0.000236089669983,-0.000138844826173,0.00217063024066,0.000155148083367,-0.00057605170469,-0.000354814823053,0.000139991029879,-0.000329164452061
0.000940627153057,2.29545341077e-05,-0.000352512347571,4.00915039954e-05,-2.10803277432e-05,0.000172530788978,0.000155148083367,0.00221889662714,-0.000359270332741,0.000493125643964,-0.000106394048376,0.000171965603402
-0.00280697622368,9.19418091536e-05,0.000556539972162,9.18864783833e-05,-0.00014707755901,2.59649113626e-05,-0.00057605170469,-0.000359270332741,0.00357842245679,0.000371713649827,2.98937599777e-05,-0.000858548639012
-0.000275637797324,0.000282876607712,-0.00020800321411,-0.000133658506294,9.09078093586e-05,0.00041100154251,-0.000354814823053,0.000493125643964,0.000371713649827,0.00414956687185,-1.23254527614e-06,-0.000419640858579
0.000507805948654,-2.3542288e-05,0.000104726332663,0.000123054551317,0.000197032408728,0.000340003004935,0.000139991029879,-0.000106394048376,2.98937599777e-05,-1.23254527614e-06,0.00373407846891,9.36692002473e-05
0.000778249962118,0.000108637442353,0.000176924290126,0.000129670044562,-0.0004422679602,0.000307525370957,-0.000329164452061,0.000171965603402,-0.000858548639012,-0.000419640858579,9.36692002473e-05,0.00419479908238
