The first line is mean vector, the rest are inversed covariance matrix.
50.9391375839,18.6277885906,35.9356845638,-0.790981543624,-17.9612063758,-12.6935889262,-7.14791946309,-0.618159395973,-7.64292449664,-6.50756711409,1.0815704698,-13.4823104027
0.0756585175427,-0.00216827646822,-0.00353040312357,-0.000434049500425,-0.00069682886398,0.00353952809467,-0.000458769500349,0.00112800361539,-0.00138173853303,0.000285016923449,-0.00462590853359,-0.00116680714624
-0.00216827646822,0.0008747118151,2.80373541779e-05,0.000188488550444,-2.93828098692e-05,2.2216685985e-05,-0.000151717923846,-0.000181151473954,0.000375613083428,0.00022627850511,0.000235994114651,6.85176288776e-05
-0.00353040312357,2.80373541779e-05,0.00154732198908,0.000269431794307,0.000313887204846,-6.3164582412e-05,-0.000138068531262,-0.000388597219451,-3.26902479542e-05,-0.00103639098516,0.000133235185169,0.00075251302928
-0.000434049500425,0.000188488550444,0.000269431794307,0.00159502485343,0.000264907292435,0.00051300567345,0.000506798257035,7.31641052372e-05,-0.000721964728877,0.000542351926032,0.000406576622066,-0.000426698215587
-0.00069682886398,-2.93828098692e-05,0.000313887204846,0.000264907292435,0.00162917228045,-2.34197758485e-05,8.97885573925e-06,-1.37290869717e-05,-0.000202295695076,-0.000274857606893,-1.31273876141e-05,-0.000780581347306
0.00353952809467,2.2216685985e-05,-6.3164582412e-05,0.00051300567345,-2.34197758485e-05,0.00168502335772,-0.000212069498194,-0.000222093606376,-0.000108779871591,0.00010637914769,-0.000599837143536,-0.000264971153119
-0.000458769500349,-0.000151717923846,-0.000138068531262,0.000506798257035,8.97885573925e-06,-0.000212069498194,0.00299561358879,0.000312636976607,-0.0014856605318,-0.000298926676606,0.000594361487497,-0.000370872063668
0.00112800361539,-0.000181151473954,-0.000388597219451,7.31641052372e-05,-1.37290869717e-05,-0.000222093606376,0.000312636976607,0.00303718384848,-0.000804969537046,0.00095670869455,-0.000254106542835,-0.000569511615416
-0.00138173853303,0.000375613083428,-3.26902479542e-05,-0.000721964728877,-0.000202295695076,-0.000108779871591,-0.0014856605318,-0.000804969537046,0.00448484194073,-7.51864001951e-05,-0.000330330069608,0.000809651308864
0.000285016923449,0.00022627850511,-0.00103639098516,0.000542351926032,-0.000274857606893,0.00010637914769,-0.000298926676606,0.00095670869455,-7.51864001951e-05,0.00502765692097,0.000805653506933,-0.000781698376557
-0.00462590853359,0.000235994114651,0.000133235185169,0.000406576622066,-1.31273876141e-05,-0.000599837143536,0.000594361487497,-0.000254106542835,-0.000330330069608,0.000805653506933,0.0063875015713,-0.00110837705094
-0.00116680714624,6.85176288776e-05,0.00075251302928,-0.000426698215587,-0.000780581347306,-0.000264971153119,-0.000370872063668,-0.000569511615416,0.000809651308864,-0.000781698376557,-0.00110837705094,0.00537718926966
