The first line is mean vector, the rest are inversed covariance matrix.
41.4709011494,-7.82156896552,5.53761149425,-12.3767551724,5.84208045977,1.91417011494,-21.5988218391,-10.1533034483,6.07311954023,-7.79073793103,-1.72926896552,1.63148505747
0.0539327233678,-0.00227946182019,4.88223966205e-05,-2.55919808954e-05,0.000103043243928,-0.00195484867501,0.00465594901676,-0.000911149191256,0.000188036739611,-0.00312218889034,0.000442118872197,-0.00327665842333
-0.00227946182019,0.000649619530539,-0.000260039463294,3.15831208591e-05,-0.000174956849452,-3.79896366905e-05,0.00019091482245,0.000111492648307,0.000280404730852,0.000207219237241,6.41857029456e-05,8.72561224924e-05
4.88223966205e-05,-0.000260039463294,0.000677426051791,-0.0002151604425,-0.00020466921017,-3.84484038893e-06,-0.000146714389181,-0.000384790020083,-0.000107823780504,-0.000458338139162,-0.000224122571564,0.000389259168183
-2.55919808954e-05,3.15831208591e-05,-0.0002151604425,0.000793414056216,9.07922233506e-05,0.000156307624351,6.08504041729e-05,0.000564994308443,-0.000384869474264,0.000146945862546,0.000837964044912,-0.000186421920173
0.000103043243928,-0.000174956849452,-0.00020466921017,9.07922233506e-05,0.00186052110578,4.01982056485e-05,-0.000284495431761,-9.78612564466e-06,-0.000154480006106,-0.000167032264627,-6.75010872963e-05,-0.000554602061235
-0.00195484867501,-3.79896366905e-05,-3.84484038893e-06,0.000156307624351,4.01982056485e-05,0.00155733314907,-0.000338022994028,0.000278920871594,-0.00021559028326,0.000668434096638,-6.92337974857e-05,0.000293845034555
0.00465594901676,0.00019091482245,-0.000146714389181,6.08504041729e-05,-0.000284495431761,-0.000338022994028,0.00261737114259,-2.83019176928e-05,-0.000672880460037,-0.000404291147963,-8.08995874481e-05,-0.000256973656438
-0.000911149191256,0.000111492648307,-0.000384790020083,0.000564994308443,-9.78612564466e-06,0.000278920871594,-2.83019176928e-05,0.00284925361392,-0.000265080204698,0.000888750703489,0.000211495575939,-0.0002921517774
0.000188036739611,0.000280404730852,-0.000107823780504,-0.000384869474264,-0.000154480006106,-0.00021559028326,-0.000672880460037,-0.000265080204698,0.00335474508816,1.06858497288e-05,-0.000427503518781,-0.000519747085118
-0.00312218889034,0.000207219237241,-0.000458338139162,0.000146945862546,-0.000167032264627,0.000668434096638,-0.000404291147963,0.000888750703489,1.06858497288e-05,0.00466234798624,-3.00901229559e-05,0.000125650119817
0.000442118872197,6.41857029456e-05,-0.000224122571564,0.000837964044912,-6.75010872963e-05,-6.92337974857e-05,-8.08995874481e-05,0.000211495575939,-0.000427503518781,-3.00901229559e-05,0.00339682511086,0.000167892151749
-0.00327665842333,8.72561224924e-05,0.000389259168183,-0.000186421920173,-0.000554602061235,0.000293845034555,-0.000256973656438,-0.0002921517774,-0.000519747085118,0.000125650119817,0.000167892151749,0.00423918431243
