The first line is mean vector, the rest are inversed covariance matrix.
52.0354377432,48.261881323,15.8800622568,-6.64089494163,4.43875875486,-21.2310933852,0.849803501946,-3.43151361868,-8.60464785992,-4.639,1.64489688716,-0.546482490272
0.0992230701836,-0.000839074585032,-0.00507782837163,-0.000551969726315,0.000494204153453,0.0066032163873,0.00172253244746,0.00121025035729,0.000272381527027,0.00376009792363,-0.00494881522849,-0.000183514155624
-0.000839074585032,0.00119142562134,0.000163686982399,0.000286979138214,-0.000251646045938,-7.42776187084e-05,6.25372017317e-05,1.46743953859e-06,0.000372164972482,0.000316005999435,-9.47148137031e-05,-0.000810027303089
-0.00507782837163,0.000163686982399,0.00192947192655,0.000174545563543,9.94880592006e-05,-0.000600716337331,-0.00057025844661,-0.000449810005461,0.000970475441931,-0.000393591224811,-4.50786287407e-05,0.000580279919183
-0.000551969726315,0.000286979138214,0.000174545563543,0.00147015981104,-0.000174607321263,0.000272590014362,0.000203176065033,0.000213303146803,6.61552358337e-05,0.000228745297255,0.000623952888432,-0.000284113399718
0.000494204153453,-0.000251646045938,9.94880592006e-05,-0.000174607321263,0.00290388800571,-0.000402787114583,0.000343555285226,-3.68383145192e-05,-0.000415719133723,1.18643368011e-05,4.40989846868e-05,-0.00028875837756
0.0066032163873,-7.42776187084e-05,-0.000600716337331,0.000272590014362,-0.000402787114583,0.00264255245796,0.000407536946854,0.000397688860733,-0.000264898900521,0.000321855069926,-0.000586148390637,-0.000153755861261
0.00172253244746,6.25372017317e-05,-0.00057025844661,0.000203176065033,0.000343555285226,0.000407536946854,0.003144759308,0.000258838559483,-0.000702374348115,-0.000364271842342,0.000405605904906,-1.11294947341e-05
0.00121025035729,1.46743953859e-06,-0.000449810005461,0.000213303146803,-3.68383145192e-05,0.000397688860733,0.000258838559483,0.00445711306127,-0.00124519282699,0.000513207691365,-0.000684452658591,-2.19203116201e-05
0.000272381527027,0.000372164972482,0.000970475441931,6.61552358337e-05,-0.000415719133723,-0.000264898900521,-0.000702374348115,-0.00124519282699,0.00718690156064,0.000919921953914,-0.00107872183308,0.000744482841864
0.00376009792363,0.000316005999435,-0.000393591224811,0.000228745297255,1.18643368011e-05,0.000321855069926,-0.000364271842342,0.000513207691365,0.000919921953914,0.0058581585563,-0.000125816917039,-0.000597097453848
-0.00494881522849,-9.47148137031e-05,-4.50786287407e-05,0.000623952888432,4.40989846868e-05,-0.000586148390637,0.000405605904906,-0.000684452658591,-0.00107872183308,-0.000125816917039,0.00732010511328,-0.000909871188187
-0.000183514155624,-0.000810027303089,0.000580279919183,-0.000284113399718,-0.00028875837756,-0.000153755861261,-1.11294947341e-05,-2.19203116201e-05,0.000744482841864,-0.000597097453848,-0.000909871188187,0.00751782945137
