The first line is mean vector, the rest are inversed covariance matrix.
44.3574033019,22.2878278302,-45.7404563679,3.22085849057,28.8143561321,-0.959160377358,-8.43003183962,-12.437625,-0.636081367925,-2.25304009434,3.63948466981,1.61855542453
0.0764427513715,-0.00477501630325,-0.000479332478609,-0.00130097153186,-0.000205204493225,-0.000116424707928,-0.00113911728318,-0.00026424240999,-0.00390117826815,-0.00152826374805,-0.00151032778416,-0.000713226885178
-0.00477501630325,0.000859488972341,8.90737117544e-05,-9.89134896357e-05,-0.000285704568053,-8.53479095142e-05,4.00360252645e-05,0.000156904235178,0.000504716054671,0.000136431775375,-2.52070706805e-05,0.000180311931764
-0.000479332478609,8.90737117544e-05,0.000552982905511,8.31063004891e-06,-0.000239708804452,-0.00010301769068,6.60764191631e-05,-0.000274813116403,-5.32647991099e-05,-0.000396605623715,-9.18630193022e-05,0.000349119350836
-0.00130097153186,-9.89134896357e-05,8.31063004891e-06,0.000719431813344,-4.70074776456e-05,0.00014014703578,0.000309130888663,0.000360479071104,-8.83801589957e-05,3.68670851434e-05,0.000184226224721,-0.000377055180226
-0.000205204493225,-0.000285704568053,-0.000239708804452,-4.70074776456e-05,0.00120567896822,4.59488947054e-06,-9.81883238374e-05,4.25876262482e-06,-6.18016648691e-05,0.000249054739061,-0.000106360188191,-0.000383357249352
-0.000116424707928,-8.53479095142e-05,-0.00010301769068,0.00014014703578,4.59488947054e-06,0.000997042453904,9.50879053872e-05,-1.87262058791e-05,-9.52919407143e-05,0.000295443580718,-0.000107532690728,-0.000212466749595
-0.00113911728318,4.00360252645e-05,6.60764191631e-05,0.000309130888663,-9.81883238374e-05,9.50879053872e-05,0.00166641724654,0.000520658170426,-0.000167058812502,-0.000145697724866,0.000358969459489,-5.18479360987e-05
-0.00026424240999,0.000156904235178,-0.000274813116403,0.000360479071104,4.25876262482e-06,-1.87262058791e-05,0.000520658170426,0.00177023581341,-8.66271911015e-05,0.000328718292625,0.000373425580373,-0.000435613540886
-0.00390117826815,0.000504716054671,-5.32647991099e-05,-8.83801589957e-05,-6.18016648691e-05,-9.52919407143e-05,-0.000167058812502,-8.66271911015e-05,0.00305445720304,2.75802459813e-05,8.5114620317e-05,-0.000622176619504
-0.00152826374805,0.000136431775375,-0.000396605623715,3.68670851434e-05,0.000249054739061,0.000295443580718,-0.000145697724866,0.000328718292625,2.75802459813e-05,0.00359217651526,-6.21196593066e-05,-0.000860169583957
-0.00151032778416,-2.52070706805e-05,-9.18630193022e-05,0.000184226224721,-0.000106360188191,-0.000107532690728,0.000358969459489,0.000373425580373,8.5114620317e-05,-6.21196593066e-05,0.00215253783238,-0.00041006319105
-0.000713226885178,0.000180311931764,0.000349119350836,-0.000377055180226,-0.000383357249352,-0.000212466749595,-5.18479360987e-05,-0.000435613540886,-0.000622176619504,-0.000860169583957,-0.00041006319105,0.00345091376035
