The first line is mean vector, the rest are inversed covariance matrix.
45.6771294237,-29.350388271,46.4154934277,-2.64371789687,-1.13770070779,-16.6462649141,0.511472194135,-4.35882305359,-16.0647077856,-12.8412093023,1.06614762386,-2.26438624874
0.0599053402983,-0.00236944284601,-0.000219051853105,0.000354799778367,0.00247019230718,0.00332657234229,-0.00385658486442,-0.00108421865975,0.00355556755703,-0.00100813705569,0.00230872434109,0.00122362671286
-0.00236944284601,0.000611396537355,0.000151615561429,0.000156551480702,-0.000201247585492,3.22553771915e-05,1.23205490297e-05,0.00011196338079,-0.000275203725586,0.000307829173303,9.40353457907e-05,-9.71867327357e-05
-0.000219051853105,0.000151615561429,0.000937097509808,-0.000541440395372,3.67432829803e-05,-0.000769327137971,-0.000135366935067,-0.000578239200639,0.000165173262761,-0.000674994071878,-0.00066739226067,0.000417528870989
0.000354799778367,0.000156551480702,-0.000541440395372,0.00189872369479,0.000121959195335,0.00111462772419,0.000519302844249,0.00079126885826,-0.000386074213197,0.000369744464708,0.000220948462724,-0.000103408380315
0.00247019230718,-0.000201247585492,3.67432829803e-05,0.000121959195335,0.00190094472971,7.49046801545e-05,0.00065347261315,-4.88437166084e-05,-0.000418788636436,-0.000256311771028,0.000784111245472,-0.000543252969383
0.00332657234229,3.22553771915e-05,-0.000769327137971,0.00111462772419,7.49046801545e-05,0.00452692713072,0.000239630747221,0.00125842408676,-0.000702092332024,0.00124197075958,0.000765199032329,-0.000456628741247
-0.00385658486442,1.23205490297e-05,-0.000135366935067,0.000519302844249,0.00065347261315,0.000239630747221,0.00322415042513,0.000243058332403,-0.000270267779849,0.000444026454253,0.0010456335854,-0.000122908483201
-0.00108421865975,0.00011196338079,-0.000578239200639,0.00079126885826,-4.88437166084e-05,0.00125842408676,0.000243058332403,0.00403274434594,-0.000735372633245,0.00127163661247,-0.00114921421457,-1.25114345668e-05
0.00355556755703,-0.000275203725586,0.000165173262761,-0.000386074213197,-0.000418788636436,-0.000702092332024,-0.000270267779849,-0.000735372633245,0.00355453428991,-0.000748535239601,-0.000161332022812,0.000577851287127
-0.00100813705569,0.000307829173303,-0.000674994071878,0.000369744464708,-0.000256311771028,0.00124197075958,0.000444026454253,0.00127163661247,-0.000748535239601,0.00531225133348,0.00113150000576,-0.0004227283694
0.00230872434109,9.40353457907e-05,-0.00066739226067,0.000220948462724,0.000784111245472,0.000765199032329,0.0010456335854,-0.00114921421457,-0.000161332022812,0.00113150000576,0.0117347154543,-0.00126443403561
0.00122362671286,-9.71867327357e-05,0.000417528870989,-0.000103408380315,-0.000543252969383,-0.000456628741247,-0.000122908483201,-1.25114345668e-05,0.000577851287127,-0.0004227283694,-0.00126443403561,0.00562299728229
