The first line is mean vector, the rest are inversed covariance matrix.
35.2296096154,-218.933126923,-16.5862365385,-1.65062884615,14.7601961538,-30.2416807692,18.2538423077,-18.1077557692,-16.0220807692,-12.9887596154,9.74760961538,-3.10307307692
0.177639285978,0.00601542779865,-0.00867536817616,-0.00508909870541,0.0142000096393,-0.00224013594894,-0.00532859511756,0.012178444033,-0.0182365427984,0.0035447868195,-0.00563033369966,-0.00700923816214
0.00601542779865,0.000915678976465,-0.000136645665282,-0.000430883107773,0.000529446080194,-0.000515884041374,-5.39394243367e-05,0.000450581222291,-0.00118115557373,-0.000411415404449,-0.000389038412222,-0.000755858190427
-0.00867536817616,-0.000136645665282,0.00121964496493,-6.16919326327e-07,-0.000585665604789,-0.000487038817651,0.000103327096688,-0.00117900995256,0.00163814572186,-0.00066169136088,2.2029094338e-05,-4.42961663423e-05
-0.00508909870541,-0.000430883107773,-6.16919326328e-07,0.00143495852996,-5.14493491389e-05,0.000336778018043,0.000228702471665,0.000968783674706,0.000687668365317,0.000875996274326,0.000815992021345,-0.000146696325969
0.0142000096393,0.000529446080194,-0.000585665604789,-5.14493491389e-05,0.00389449210013,-0.000281293467053,0.00111834424777,0.000960673100997,-0.000902656848467,0.00146873765565,-0.000179432024875,-0.00136006288716
-0.00224013594894,-0.000515884041374,-0.000487038817651,0.000336778018043,-0.000281293467053,0.00441419937593,-6.84642297065e-05,0.00121412981236,-0.00130096380535,0.00472705737487,0.000730513107673,0.00022940462294
-0.00532859511756,-5.39394243367e-05,0.000103327096688,0.000228702471665,0.00111834424777,-6.84642297065e-05,0.00309924235423,-0.000650279738236,0.000584815426015,0.000390839367544,0.000102031792999,-0.000459973512104
0.012178444033,0.000450581222291,-0.00117900995256,0.000968783674706,0.000960673100997,0.00121412981236,-0.000650279738236,0.00457793340494,-0.0019008995681,0.00312639277119,0.000999347047511,-0.000792971642717
-0.0182365427984,-0.00118115557373,0.00163814572186,0.000687668365317,-0.000902656848467,-0.00130096380535,0.000584815426015,-0.0019008995681,0.00693335719988,-0.00151663634564,-6.38976969325e-05,0.000212178135187
0.0035447868195,-0.000411415404449,-0.00066169136088,0.000875996274326,0.00146873765565,0.00472705737487,0.000390839367544,0.00312639277119,-0.00151663634564,0.0107115010285,0.00124059612544,-0.000872725787025
-0.00563033369966,-0.000389038412222,2.2029094338e-05,0.000815992021345,-0.000179432024875,0.000730513107673,0.000102031792999,0.000999347047511,-6.38976969325e-05,0.00124059612544,0.00546061516749,0.000269178943934
-0.00700923816214,-0.000755858190427,-4.42961663423e-05,-0.000146696325969,-0.00136006288716,0.00022940462294,-0.000459973512104,-0.000792971642717,0.000212178135187,-0.000872725787025,0.000269178943934,0.00554808913456
