The first line is mean vector, the rest are inversed covariance matrix.
50.1719803536,10.4735324165,22.484956778,-5.98149508841,-16.0006601179,-14.8040903733,-8.89788605108,-7.2906345776,-3.90592337917,-1.83521218075,3.31229273084,5.86704518664
0.0773925040213,-0.00305911501107,-0.00113440934182,0.00218562248769,0.0038173845932,0.00186893528723,-0.00179315197155,0.00100978488792,-0.00285581088613,-0.00152380923315,-0.000194999257699,0.00162422056505
-0.00305911501107,0.000757190060455,0.000534617398086,0.000145266367609,-0.000440294171743,-7.89066600828e-05,0.000351279269477,-0.000298648896072,0.000235413909994,-3.46910136763e-06,0.000193590266114,0.000531775737815
-0.00113440934182,0.000534617398086,0.00168047182284,0.000331038136889,-0.000847416180094,-0.000169865648976,9.88791180435e-05,-0.000201595252313,0.000773032753304,5.13079876183e-05,0.00033849836099,0.000413910474522
0.00218562248769,0.000145266367609,0.000331038136889,0.0012201375568,3.04326216146e-05,0.000590141834605,0.00010880451013,7.14865506601e-05,-7.90640169479e-05,0.000399002628418,-3.14946307292e-05,-0.000110620409805
0.0038173845932,-0.000440294171743,-0.000847416180094,3.04326216146e-05,0.00214089647235,-4.13074528978e-05,0.000794063792607,4.75203452282e-05,-0.000614167039096,-9.02916435921e-05,-0.000324693579167,-0.000726508691833
0.00186893528723,-7.89066600828e-05,-0.000169865648976,0.000590141834605,-4.13074528978e-05,0.00256744144268,-0.000528489682401,0.000621048479594,-0.000240871608408,0.000843174565786,-0.00102356347626,0.000434391419473
-0.00179315197155,0.000351279269477,9.88791180435e-05,0.00010880451013,0.000794063792607,-0.000528489682401,0.00312123220897,0.000232027238963,-0.000341579245946,-7.33555139003e-05,0.000142227966803,-0.00101380287332
0.00100978488792,-0.000298648896072,-0.000201595252313,7.14865506601e-05,4.75203452282e-05,0.000621048479594,0.000232027238963,0.00302727555539,-0.000646940188376,0.000448988710594,-0.000237976994673,0.000256861795551
-0.00285581088613,0.000235413909994,0.000773032753304,-7.90640169479e-05,-0.000614167039096,-0.000240871608408,-0.000341579245946,-0.000646940188376,0.00312266447365,-0.000323177279149,-9.74577477288e-06,4.92458460104e-05
-0.00152380923315,-3.46910136763e-06,5.13079876183e-05,0.000399002628418,-9.02916435921e-05,0.000843174565786,-7.33555139003e-05,0.000448988710594,-0.000323177279149,0.00333500491534,-5.05807313841e-05,0.000475660069775
-0.000194999257699,0.000193590266114,0.00033849836099,-3.14946307292e-05,-0.000324693579167,-0.00102356347626,0.000142227966803,-0.000237976994673,-9.74577477288e-06,-5.05807313841e-05,0.00464734724253,-0.000394810997932
0.00162422056505,0.000531775737815,0.000413910474522,-0.000110620409805,-0.000726508691833,0.000434391419473,-0.00101380287332,0.000256861795551,4.92458460104e-05,0.000475660069775,-0.000394810997932,0.00412576295139
