The first line is mean vector, the rest are inversed covariance matrix.
49.6910735524,40.5325915493,30.0187543036,-4.97682942097,-21.0970015649,-10.3120657277,-3.46310641628,-2.08697965571,4.11551799687,2.57258841941,-1.17680907668,0.795794992175
0.046611533836,-0.000409425097253,-0.000167164342488,0.00175664020483,0.00124156158765,0.00452790189937,-0.00234911943644,-0.00038535645572,-0.00070087776967,0.000233353420077,0.00211767928435,-0.000439461697552
-0.000409425097253,0.000431375284063,1.1432426944e-05,0.000265506584996,-9.88522920161e-05,9.69532214407e-05,7.49978788045e-05,0.000230396396957,0.000195984842503,0.000266050886226,0.00062420175331,-2.7973318806e-05
-0.000167164342488,1.1432426944e-05,0.000609783095504,-0.000259494094746,-0.000378602350006,-0.000322148754123,0.000472185203461,8.67384099763e-05,0.00011664398294,-0.000207700815047,-0.000389674511125,-0.000281053537955
0.00175664020483,0.000265506584996,-0.000259494094746,0.00171345846146,2.25223743672e-05,0.000194551498478,0.00054909541718,0.000171978532284,-0.000230169669708,0.000147428445574,0.0015251115006,-0.000635562915002
0.00124156158765,-9.88522920161e-05,-0.000378602350006,2.25223743672e-05,0.00193467329986,-2.06430506015e-06,-0.000148010952503,-0.000246098726974,0.000802378638486,0.000155418558933,9.83836141953e-06,-0.00025933145785
0.00452790189937,9.69532214407e-05,-0.000322148754123,0.000194551498478,-2.06430506015e-06,0.00249103464283,0.00012155939112,0.000421866396463,-0.000156845330015,0.000929833516579,0.000153074413153,0.000177323610895
-0.00234911943644,7.49978788045e-05,0.000472185203461,0.00054909541718,-0.000148010952503,0.00012155939112,0.00323196342321,0.000106572064728,-0.000472598756898,2.49801552899e-05,0.000363625979306,-0.000324146661602
-0.00038535645572,0.000230396396957,8.67384099763e-05,0.000171978532284,-0.000246098726974,0.000421866396463,0.000106572064728,0.00283273580998,1.17656201214e-06,0.00132440048234,-0.000220530576888,-0.000127698806858
-0.00070087776967,0.000195984842503,0.00011664398294,-0.000230169669708,0.000802378638486,-0.000156845330015,-0.000472598756898,1.17656201214e-06,0.00488863626117,0.000882615908283,-0.00107692743939,-0.00104146230588
0.000233353420077,0.000266050886226,-0.000207700815047,0.000147428445574,0.000155418558933,0.000929833516579,2.49801552899e-05,0.00132440048234,0.000882615908283,0.00595060274217,0.000914089603757,-0.000220666738153
0.00211767928435,0.00062420175331,-0.000389674511125,0.0015251115006,9.83836141953e-06,0.000153074413153,0.000363625979306,-0.000220530576888,-0.00107692743939,0.000914089603757,0.00798975928815,-0.000163049277486
-0.000439461697552,-2.7973318806e-05,-0.000281053537955,-0.000635562915002,-0.00025933145785,0.000177323610895,-0.000324146661602,-0.000127698806858,-0.00104146230588,-0.000220666738153,-0.000163049277486,0.00743391091671
