The first line is mean vector, the rest are inversed covariance matrix.
51.6529334677,9.23866532258,51.1274556452,1.06297379032,-15.5942842742,-21.6713669355,0.741693548387,-10.4715080645,5.32747983871,-0.890445564516,1.27470766129,2.27236290323
0.282289619097,0.00534958587605,0.0199077504152,-0.0158050471846,-0.0097992778762,-0.00141828803958,-0.00135603204182,-0.0137703239829,0.00349564423718,-0.0019514977945,0.00268264781809,0.0105244975611
0.00534958587605,0.00204845793147,0.000549246131076,-0.000307926359665,-0.000661543817814,5.68836859628e-05,-0.000449234393403,0.000242566520765,0.000960904667288,0.000546453881365,-0.000601317328738,-0.000493950713676
0.0199077504152,0.000549246131076,0.00331435472852,-0.000930461161879,-0.000990391359425,-0.00103405454723,-0.000156579886226,-0.00184178625331,0.000105544487056,-0.00112936798866,0.000769840998148,0.000713619235721
-0.0158050471846,-0.000307926359665,-0.000930461161879,0.00431197717868,0.000556411206322,0.000133578215313,0.00175988588141,0.00158779123483,-0.00219000099443,0.000242675944646,0.00128235183348,-0.00251233155709
-0.0097992778762,-0.000661543817814,-0.000990391359425,0.000556411206322,0.0036767591854,0.00113174824909,0.000253422467448,0.00133827159624,-0.000206171130793,0.0010932169739,-0.000897464109665,0.00301141615292
-0.00141828803958,5.68836859628e-05,-0.00103405454723,0.000133578215313,0.00113174824909,0.0102206772652,0.000564463268156,0.000906989861154,-0.00078833529591,0.0047217691361,-0.00350212678246,0.00012429593808
-0.00135603204182,-0.000449234393403,-0.000156579886226,0.00175988588141,0.000253422467448,0.000564463268156,0.00681751935447,0.000755124837896,-0.00241143716889,0.000498896053096,0.00149288593374,-0.00212164412565
-0.0137703239829,0.000242566520765,-0.00184178625331,0.00158779123483,0.00133827159624,0.000906989861154,0.000755124837896,0.00702917960489,-0.00302478049774,0.000966958413362,0.00110363243778,-0.00190203935171
0.00349564423718,0.000960904667288,0.000105544487056,-0.00219000099443,-0.000206171130793,-0.00078833529591,-0.00241143716889,-0.00302478049774,0.0117151741117,-0.00104599690191,-0.00244439860655,0.00168260492199
-0.0019514977945,0.000546453881365,-0.00112936798866,0.000242675944646,0.0010932169739,0.0047217691361,0.000498896053096,0.000966958413362,-0.00104599690191,0.00975859914185,-0.000885660117615,0.000556581119355
0.00268264781809,-0.000601317328738,0.000769840998148,0.00128235183348,-0.000897464109665,-0.00350212678246,0.00149288593374,0.00110363243778,-0.00244439860655,-0.000885660117615,0.0157964125055,-0.00312802154417
0.0105244975611,-0.000493950713676,0.000713619235721,-0.00251233155709,0.00301141615292,0.00012429593808,-0.00212164412565,-0.00190203935171,0.00168260492199,0.000556581119355,-0.00312802154417,0.0184342517996
