The first line is mean vector, the rest are inversed covariance matrix.
40.933960815,-65.4204278997,19.4516081505,17.864031348,-10.5982084639,24.451992163,-21.6587178683,-5.88817554859,15.4974576803,7.12855172414,-3.75298119122,1.8235
0.0556172853238,-0.000962852826315,-0.00433844156638,-0.00140053573836,0.00172319362941,-0.000131807117575,0.00068471049943,0.00140543187073,-0.00160648518166,-0.00122291598124,-0.00192065394124,-0.00288660126435
-0.000962852826315,0.000449215862395,-3.8800037431e-05,0.000124175168994,-0.00013325292782,1.87615161461e-05,0.000248536166711,-4.59720860381e-05,0.000222494798905,-7.79607601437e-06,-7.49067637533e-05,-0.00011401028712
-0.00433844156638,-3.8800037431e-05,0.000936731690801,0.000178938966122,-0.000200201257725,-2.75082075323e-05,-0.000362458953946,-0.000278757887222,-4.79885121586e-05,0.000110622485138,0.00031140652123,0.000470393104026
-0.00140053573836,0.000124175168994,0.000178938966122,0.000529034548422,-6.33226943402e-05,0.000134624725043,-2.93076054706e-05,8.04694257569e-05,0.000126786261774,-4.44700859199e-06,5.08709654123e-05,6.51659079926e-05
0.00172319362941,-0.00013325292782,-0.000200201257725,-6.33226943402e-05,0.00158542108593,7.66469047405e-05,-0.000538805891159,-0.000143846167155,-0.000763663808088,-0.000279481508356,0.000116458106236,5.05196702188e-06
-0.000131807117575,1.87615161461e-05,-2.75082075323e-05,0.000134624725043,7.66469047405e-05,0.000848042488354,-0.000258099186962,0.000194509640921,9.16100181773e-06,4.14332178597e-05,3.86113477969e-05,0.000423162002744
0.00068471049943,0.000248536166711,-0.000362458953946,-2.93076054706e-05,-0.000538805891159,-0.000258099186962,0.00165785069286,0.000147863733095,0.000473440245306,-1.85397089939e-05,-0.000402983154955,-0.00102708395375
0.00140543187073,-4.59720860381e-05,-0.000278757887222,8.04694257569e-05,-0.000143846167155,0.000194509640921,0.000147863733095,0.00170717647733,-0.000348906368159,0.00052506757978,-4.41304161027e-05,-0.000120630884776
-0.00160648518166,0.000222494798905,-4.79885121586e-05,0.000126786261774,-0.000763663808088,9.16100181773e-06,0.000473440245306,-0.000348906368159,0.00260397343668,6.54561683944e-05,6.83015362744e-05,-4.77835274989e-05
-0.00122291598124,-7.79607601437e-06,0.000110622485138,-4.44700859199e-06,-0.000279481508356,4.14332178597e-05,-1.85397089939e-05,0.00052506757978,6.54561683944e-05,0.00206715826691,6.27120302483e-06,-8.69065181055e-05
-0.00192065394124,-7.49067637533e-05,0.00031140652123,5.08709654123e-05,0.000116458106236,3.86113477969e-05,-0.000402983154955,-4.41304161027e-05,6.83015362744e-05,6.27120302483e-06,0.00243480646578,0.000430038559356
-0.00288660126435,-0.00011401028712,0.000470393104026,6.51659079926e-05,5.05196702188e-06,0.000423162002744,-0.00102708395375,-0.000120630884776,-4.77835274989e-05,-8.69065181055e-05,0.000430038559356,0.00378860041164
