The first line is mean vector, the rest are inversed covariance matrix.
38.748039749,-63.2624225941,69.7765104603,4.56460460251,21.6345690377,-14.5463221757,-1.62639958159,3.853,-4.29692887029,-3.47379707113,2.77183682008,12.1829351464
0.0351326444,-0.00120988768702,-0.00133687598979,0.000402832251525,0.000836918012658,-0.000144822193809,0.000493831065577,0.000866743200723,-0.000207108324235,0.000485261914944,0.00141258147918,-0.00380308529578
-0.00120988768702,0.000269157266191,5.72459128615e-05,0.000105586621427,-0.000110919444487,3.73356079472e-05,0.000215075954124,0.000121345982212,-0.000151719760581,0.000274311524213,7.55252331953e-05,0.000144467711679
-0.00133687598979,5.72459128615e-05,0.00091021593443,-0.000287867179412,0.00024533516153,-0.000659441078816,2.38500155818e-05,-0.000304065715591,-0.000410404687699,-0.000649170900271,-0.000508162204082,0.000566830322429
0.000402832251525,0.000105586621427,-0.000287867179412,0.000922698440276,0.000163036596703,0.000505545275654,0.000135943839192,0.000217080665263,-0.000100876664832,0.000422274668503,0.000784053627844,-0.000372773559358
0.000836918012658,-0.000110919444487,0.00024533516153,0.000163036596703,0.00121609781817,0.000379249135945,-6.63850076976e-05,6.64114905828e-05,-0.00013569797057,9.35391223812e-05,1.28384864307e-07,-0.000661019425102
-0.000144822193809,3.73356079472e-05,-0.000659441078816,0.000505545275654,0.000379249135945,0.00336453171368,-0.000188971976431,0.000968716898211,-0.000131547154581,0.00155737827261,0.000367872688044,-0.000529103793496
0.000493831065577,0.000215075954124,2.38500155818e-05,0.000135943839192,-6.63850076976e-05,-0.000188971976431,0.00192870297753,-5.18246379264e-05,-0.000165362900085,0.000139379809629,-0.000179447278869,-0.00023253602534
0.000866743200723,0.000121345982212,-0.000304065715591,0.000217080665263,6.64114905828e-05,0.000968716898211,-5.18246379264e-05,0.00278764686783,2.51133963849e-05,0.00132649802306,-0.000365367166435,-0.00031211064698
-0.000207108324235,-0.000151719760581,-0.000410404687699,-0.000100876664832,-0.00013569797057,-0.000131547154581,-0.000165362900085,2.51133963849e-05,0.00228298201345,-0.000508680379918,-1.04428395046e-05,-0.000579071085292
0.000485261914944,0.000274311524213,-0.000649170900271,0.000422274668503,9.35391223812e-05,0.00155737827261,0.000139379809629,0.00132649802306,-0.000508680379918,0.00562753979667,0.000614140459819,-0.000239564384502
0.00141258147918,7.55252331953e-05,-0.000508162204082,0.000784053627844,1.28384864307e-07,0.000367872688044,-0.000179447278869,-0.000365367166435,-1.04428395046e-05,0.000614140459819,0.00565398237262,-0.000568951095556
-0.00380308529578,0.000144467711679,0.000566830322429,-0.000372773559358,-0.000661019425102,-0.000529103793496,-0.00023253602534,-0.00031211064698,-0.000579071085292,-0.000239564384502,-0.000568951095556,0.00324016868852
