The first line is mean vector, the rest are inversed covariance matrix.
42.4916234214,-48.4587118255,-22.0459334099,-4.0137956372,-1.02179334099,-1.63744431688,3.10621469575,3.78032835821,4.95218599311,-7.01474282434,-1.30815958668,-0.658780711825
0.0340219214513,-0.00110450544974,-0.00144347237605,-0.000649310895937,0.00124719361306,-0.000298770151932,0.00117447634203,0.00104906699879,-0.000648848242958,0.000798622854775,-0.0016548329877,-0.00300231433367
-0.00110450544974,0.000532910167297,-3.79184424514e-05,-2.18232365399e-07,-0.000506764358103,-7.9465673464e-05,0.000332786529931,-2.52845973343e-05,0.000329447412872,-0.000152881780793,-5.47988552737e-05,-0.000239910744901
-0.00144347237605,-3.79184424514e-05,0.00133471539758,0.0004650840985,0.000394890658382,0.000241283492274,-0.000568745430322,-6.18009327342e-05,-0.000375322557973,-0.00045745527537,-5.99230297102e-05,0.00024417220873
-0.000649310895937,-2.18232365399e-07,0.0004650840985,0.000930539833673,0.000207555843053,0.000260947584775,0.000122514410706,0.00022459098589,-0.000315663115021,0.000123394838109,0.000121979102044,-0.000157057311875
0.00124719361306,-0.000506764358103,0.000394890658382,0.000207555843053,0.00235577124528,0.000167379807679,-0.00041544179791,7.31862989439e-05,-0.000187556317014,0.000388286613953,-0.000295455853398,-0.000578533186931
-0.000298770151932,-7.9465673464e-05,0.000241283492274,0.000260947584775,0.000167379807679,0.00085673828896,-0.000242797179172,-0.000149685723819,-0.000193356343606,0.000146835255617,0.000263258552915,-0.000102686786515
0.00117447634203,0.000332786529931,-0.000568745430322,0.000122514410706,-0.00041544179791,-0.000242797179172,0.00306511095469,0.000290555693862,-0.000167593793197,-4.90313019097e-05,-0.000203445733136,-0.000935624452558
0.00104906699879,-2.52845973343e-05,-6.18009327342e-05,0.00022459098589,7.31862989439e-05,-0.000149685723819,0.000290555693862,0.00182520349874,-0.000326332960995,0.000305348058228,1.13469912237e-05,-0.000385907676377
-0.000648848242958,0.000329447412872,-0.000375322557973,-0.000315663115021,-0.000187556317014,-0.000193356343606,-0.000167593793197,-0.000326332960995,0.00356347541281,0.000334014669969,-0.000192763802675,-0.000144928404873
0.000798622854775,-0.000152881780793,-0.00045745527537,0.000123394838109,0.000388286613953,0.000146835255617,-4.90313019097e-05,0.000305348058228,0.000334014669969,0.00292226159533,0.000200514057187,-0.000275874625272
-0.0016548329877,-5.47988552737e-05,-5.99230297102e-05,0.000121979102044,-0.000295455853398,0.000263258552915,-0.000203445733136,1.13469912237e-05,-0.000192763802675,0.000200514057187,0.00338676339647,0.000910619133363
-0.00300231433367,-0.000239910744901,0.00024417220873,-0.000157057311875,-0.000578533186931,-0.000102686786515,-0.000935624452558,-0.000385907676377,-0.000144928404873,-0.000275874625272,0.000910619133363,0.00541316624997
