The first line is mean vector, the rest are inversed covariance matrix.
51.8760618956,19.5311489362,31.8920019342,-1.68888007737,-15.9936034816,-24.6377234043,6.03668471954,1.31578723404,7.03377756286,5.33546034816,2.3139245648,3.14025725338
0.0836681287221,-0.000562013736444,-0.00208373394899,0.000809162143449,0.00130576754549,0.00145682392594,-0.000671926112774,-0.0013985476616,0.00274173591507,0.00212464790102,-0.000617914842173,0.0030353136493
-0.000562013736444,0.00152535215315,0.000163647757813,0.000525760761155,9.5224614414e-05,0.00032828730168,-9.00860931216e-05,-0.000730859808858,0.0011704781578,-0.000239759546262,-0.000508491791143,-0.000334596246026
-0.00208373394899,0.000163647757813,0.00202626689372,-0.00029805398093,-6.46350544265e-05,-9.18481327544e-05,-0.000411543012134,0.000128474948466,4.73182183137e-05,-2.59854086442e-05,-0.000441902568885,0.000444929713286
0.000809162143449,0.000525760761155,-0.00029805398093,0.00392393036104,8.9368410878e-05,0.00108358802794,-0.000119684669665,0.000292618645097,-0.000369165272227,3.13754992132e-05,-0.00131556871931,-0.000116754159278
0.00130576754549,9.5224614414e-05,-6.46350544265e-05,8.9368410878e-05,0.0027196253224,-0.00020439820662,-0.000176449762092,-0.000891659427793,6.15791595909e-05,-0.000201529186745,-0.000120774131396,0.000299860596416
0.00145682392594,0.00032828730168,-9.18481327544e-05,0.00108358802794,-0.00020439820662,0.00425481093892,0.000552553332755,0.0011327503094,0.000652169672496,0.000597572523147,-0.0025192173099,3.98550876693e-05
-0.000671926112774,-9.00860931216e-05,-0.000411543012134,-0.000119684669665,-0.000176449762092,0.000552553332755,0.00341313416163,0.000723379894354,-0.000374648845779,-0.00041786436848,0.000731929562315,-6.3342636942e-05
-0.0013985476616,-0.000730859808858,0.000128474948466,0.000292618645097,-0.000891659427793,0.0011327503094,0.000723379894354,0.00478152992781,-0.00102501803367,0.00176794076934,-0.00166078667879,7.33145437911e-05
0.00274173591507,0.0011704781578,4.73182183137e-05,-0.000369165272227,6.15791595909e-05,0.000652169672496,-0.000374648845779,-0.00102501803367,0.00643210699338,-7.28886072605e-05,-0.00155083253662,-0.000750933315669
0.00212464790102,-0.000239759546262,-2.59854086442e-05,3.13754992132e-05,-0.000201529186745,0.000597572523147,-0.00041786436848,0.00176794076934,-7.28886072605e-05,0.00647000936891,-0.000530078646069,-0.000216975500633
-0.000617914842173,-0.000508491791143,-0.000441902568885,-0.00131556871931,-0.000120774131396,-0.0025192173099,0.000731929562315,-0.00166078667879,-0.00155083253662,-0.000530078646069,0.00980857226802,-0.00100295194402
0.0030353136493,-0.000334596246026,0.000444929713286,-0.000116754159278,0.000299860596416,3.98550876693e-05,-6.3342636942e-05,7.33145437911e-05,-0.000750933315669,-0.000216975500633,-0.00100295194402,0.00593783440975
