The first line is mean vector, the rest are inversed covariance matrix.
42.9253202479,-14.5149173554,3.27653719008,16.0914855372,-19.9038016529,-11.2787210744,10.684677686,2.76086363636,8.7241177686,2.71994834711,5.18540702479,3.01672107438
0.0364193753066,-0.000721371564005,-0.00192524224538,0.000717596136337,0.00113410348766,0.00144585359873,-0.00207324324493,0.000508406576765,0.000413646635698,0.00172824207045,-0.00205279178854,0.000113587414684
-0.000721371564005,0.00070967718061,-2.94123260979e-05,0.000169932142593,-0.000286793238554,-0.000144669838875,0.000519748180718,-0.000168075893682,-0.000135585911501,-0.000189917291509,1.45291491356e-05,-0.000185425931066
-0.00192524224538,-2.94123260979e-05,0.000614347393607,0.000168513828677,-0.000307687494159,0.000161961090786,-0.000265061961515,0.000116525005534,7.97706901035e-05,-0.000138812760089,4.45368293377e-05,0.000376256410339
0.000717596136337,0.000169932142593,0.000168513828677,0.000909557061744,-2.94223594047e-05,0.000190625121771,0.000401285683389,-0.000263051500545,-0.000306194684337,-0.000717709427727,-0.000693336634549,0.000203728313963
0.00113410348766,-0.000286793238554,-0.000307687494159,-2.94223594047e-05,0.00163050329168,-0.000205973816062,-0.000277677031895,3.90367806741e-05,-0.000592707330127,-5.87818120113e-05,1.34924890714e-05,-0.000119470972728
0.00144585359873,-0.000144669838875,0.000161961090786,0.000190625121771,-0.000205973816062,0.00116942564935,-0.000159757609263,-0.00017924099561,0.000249249437928,0.000144578926277,-0.000853726904094,0.000372548376904
-0.00207324324493,0.000519748180718,-0.000265061961515,0.000401285683389,-0.000277677031895,-0.000159757609263,0.00343050994107,0.00022207719362,-0.00129073629619,-0.000305030863428,0.000636032234456,0.000139891713989
0.000508406576765,-0.000168075893682,0.000116525005534,-0.000263051500545,3.90367806741e-05,-0.00017924099561,0.00022207719362,0.00392204017879,-0.00118439001051,2.07325821031e-05,6.15228957461e-05,0.000446690799667
0.000413646635698,-0.000135585911501,7.97706901035e-05,-0.000306194684337,-0.000592707330127,0.000249249437928,-0.00129073629619,-0.00118439001051,0.00546970611251,0.000568533934106,-0.000356126763151,4.04001390249e-05
0.00172824207045,-0.000189917291509,-0.000138812760089,-0.000717709427727,-5.87818120113e-05,0.000144578926277,-0.000305030863428,2.07325821031e-05,0.000568533934106,0.00440832160405,-0.000933854959199,0.000595316600947
-0.00205279178854,1.45291491356e-05,4.45368293377e-05,-0.000693336634549,1.34924890714e-05,-0.000853726904094,0.000636032234456,6.15228957461e-05,-0.000356126763151,-0.000933854959199,0.00549416057854,-0.000291883215989
0.000113587414684,-0.000185425931066,0.000376256410339,0.000203728313963,-0.000119470972728,0.000372548376904,0.000139891713989,0.000446690799667,4.04001390249e-05,0.000595316600947,-0.000291883215989,0.00614609117228
