The first line is mean vector, the rest are inversed covariance matrix.
39.1744,-25.9298363636,76.6689194805,-28.1678545455,27.0055714286,11.8103948052,-41.7365792208,-4.6982025974,4.65021298701,11.4048181818,-5.22856883117,8.12387532468
0.0421625658374,0.00309159114695,-0.00221550735144,-0.00211597339118,-0.00162300483732,-0.00194750971185,0.00334241265351,0.0029199972173,-0.00120507570313,-0.000576423948635,-0.00187663310939,0.00223033624153
0.00309159114695,0.00100264059457,7.81058263453e-05,-0.000223441639076,-0.000552782465188,1.56278571767e-05,0.000288194551518,0.000524791663434,0.000753670833949,0.00022370938826,-0.000366302542678,0.000245172976618
-0.00221550735144,7.81058263453e-05,0.00140369227402,-9.69571233188e-05,4.83477264371e-05,-0.000141101821269,-0.000957277358259,-0.000271853505893,-9.98305634398e-05,-0.000237359445122,-0.000689091246569,0.000485935793129
-0.00211597339118,-0.000223441639076,-9.69571233188e-05,0.00116422453537,4.36257079951e-05,0.000901743378731,0.000302116789788,-0.000231382110907,-0.000244712901382,0.000503074608309,0.00199310923453,-0.000398813518999
-0.00162300483732,-0.000552782465188,4.83477264371e-05,4.36257079951e-05,0.00288329508941,0.00055246403954,-0.00179879581797,-0.000569009009989,-0.000720349826495,-0.00126733571332,0.000477555876173,-0.000716806402033
-0.00194750971185,1.56278571767e-05,-0.000141101821269,0.000901743378731,0.00055246403954,0.00244391160452,-0.000177536467284,-0.000274859223117,-1.07278245321e-05,-0.00056315997134,0.00178299119434,0.000132753049924
0.00334241265351,0.000288194551518,-0.000957277358259,0.000302116789788,-0.00179879581797,-0.000177536467284,0.00335622307786,0.00044917900291,-0.000116308448871,0.000403201618431,3.61339591211e-05,-0.000800058613418
0.0029199972173,0.000524791663434,-0.000271853505893,-0.000231382110907,-0.000569009009989,-0.000274859223117,0.00044917900291,0.00187673448028,-6.94622639801e-05,0.00115252291081,-0.00016411804603,0.000124894402476
-0.00120507570313,0.000753670833949,-9.98305634398e-05,-0.000244712901382,-0.000720349826495,-1.07278245321e-05,-0.000116308448871,-6.94622639801e-05,0.00323914932983,0.000534719729162,-0.000381728714604,-0.00133141058251
-0.000576423948635,0.00022370938826,-0.000237359445122,0.000503074608309,-0.00126733571332,-0.00056315997134,0.000403201618431,0.00115252291081,0.000534719729162,0.00391790969263,0.00101684112057,-0.000620319712112
-0.00187663310939,-0.000366302542678,-0.000689091246569,0.00199310923453,0.000477555876173,0.00178299119434,3.61339591211e-05,-0.00016411804603,-0.000381728714604,0.00101684112057,0.00607002855861,-0.000357634907766
0.00223033624153,0.000245172976618,0.000485935793129,-0.000398813518999,-0.000716806402033,0.000132753049924,-0.000800058613418,0.000124894402476,-0.00133141058251,-0.000620319712112,-0.000357634907766,0.00621851730176
