The first line is mean vector, the rest are inversed covariance matrix.
42.1826451613,-17.3574217443,-15.2250191159,3.89851851852,-21.2279677419,5.79596296296,20.6924767025,-5.90040860215,3.77743130227,-7.46313978495,-7.31250298686,7.7198172043
0.0204420475761,-0.000140293684093,-0.00198790749937,-0.000391348711841,-5.56427755712e-05,-0.000187701543837,0.00153475507715,0.000841471529095,-0.000958100655364,0.00141950275146,-0.00139024270552,-0.00193514295365
-0.000140293684093,0.000562438728546,0.000135241191445,5.47183311407e-05,0.000161320360925,-0.000181067501065,0.000275850705939,2.47626562784e-05,0.000174513286441,-1.43906892464e-05,-0.000133168031206,-0.000137859090571
-0.00198790749937,0.000135241191445,0.000965003843385,0.000157140019993,-0.000217919208395,-1.22472925035e-05,-0.000292423460319,-1.33232361696e-05,0.000643571647984,-6.25444606146e-05,3.84583337419e-05,0.000406422606367
-0.000391348711841,5.47183311407e-05,0.000157140019993,0.000438063136142,6.94606692828e-05,0.000104508158754,8.94403504956e-05,0.000102484913434,0.000278728612022,9.51213031226e-05,7.51148393066e-05,-0.000130496324388
-5.56427755712e-05,0.000161320360925,-0.000217919208395,6.94606692828e-05,0.00155166137666,1.9328742936e-05,-4.8553244441e-06,-0.000478735288408,-0.000372867558205,-0.000242988291623,-6.32438407176e-05,-0.000488125011115
-0.000187701543837,-0.000181067501065,-1.22472925035e-05,0.000104508158754,1.9328742936e-05,0.000976590239108,-0.000124494334397,-9.52099160803e-05,-7.74781691016e-05,0.00015705010376,0.000243760715785,5.72957126179e-06
0.00153475507715,0.000275850705939,-0.000292423460319,8.94403504956e-05,-4.8553244441e-06,-0.000124494334397,0.00206550143062,0.000344607765458,-0.000392661302538,0.000675082041045,-0.000107156023787,-0.0005361055888
0.000841471529095,2.47626562784e-05,-1.33232361696e-05,0.000102484913434,-0.000478735288408,-9.52099160803e-05,0.000344607765458,0.00208988991688,9.93220959469e-05,0.000631092053808,-8.88320238598e-05,3.86921402658e-05
-0.000958100655364,0.000174513286441,0.000643571647984,0.000278728612022,-0.000372867558205,-7.74781691016e-05,-0.000392661302538,9.93220959469e-05,0.00380391857964,0.000834930173744,4.05505303526e-05,-0.000317289713947
0.00141950275146,-1.43906892464e-05,-6.25444606146e-05,9.51213031226e-05,-0.000242988291623,0.00015705010376,0.000675082041045,0.000631092053808,0.000834930173744,0.00375687348193,-0.00062348739229,-0.000595617630163
-0.00139024270552,-0.000133168031206,3.84583337419e-05,7.51148393066e-05,-6.32438407176e-05,0.000243760715785,-0.000107156023787,-8.88320238598e-05,4.05505303526e-05,-0.00062348739229,0.00318973424753,0.000125423332134
-0.00193514295365,-0.000137859090571,0.000406422606367,-0.000130496324388,-0.000488125011115,5.72957126179e-06,-0.0005361055888,3.86921402658e-05,-0.000317289713947,-0.000595617630163,0.000125423332134,0.00422638069993
