The first line is mean vector, the rest are inversed covariance matrix.
48.9661809636,11.8642350176,21.5561363102,-9.04332197415,-5.18503525264,-19.8712115159,6.87343713278,-7.25697767333,13.1834512338,0.602866039953,-0.269594594595,10.6548860165
0.0499983046776,-0.00147671321277,-0.00112661980698,8.55762728211e-05,-0.00127189597016,0.00317458373394,0.000284200939832,0.00162980616362,-0.00472040088592,-3.93511892081e-05,-0.000390222831693,0.00275523527099
-0.00147671321277,0.00110836263999,0.000146430766095,6.06080004271e-05,-0.000405910802475,-8.40039358405e-05,-0.000116101187623,-4.01346536003e-06,0.000257425188264,8.49624685295e-05,-1.95795731202e-05,-0.000252996691126
-0.00112661980698,0.000146430766095,0.00101005572746,-0.000466883655951,-2.99701954012e-05,-0.000453789847831,-0.000503965105911,-0.000584343396324,-0.000145315954603,-0.000499002121001,-0.000306507765658,-0.000169231630438
8.55762728211e-05,6.06080004271e-05,-0.000466883655951,0.00236554565597,9.78547602237e-05,0.00119615622459,-6.91460590032e-05,0.000645483355742,0.000337094339719,0.000324147882052,0.00137015783399,-0.00030130780309
-0.00127189597016,-0.000405910802475,-2.99701954012e-05,9.78547602237e-05,0.00207283239597,0.000546922266747,1.153841323e-05,0.000273138612533,-0.000300358295407,0.000702790030872,-0.000134022069161,-0.000650710824515
0.00317458373394,-8.40039358405e-05,-0.000453789847831,0.00119615622459,0.000546922266747,0.00392598741212,0.000620954081204,0.000648132440695,-0.000331624043424,0.00118615417037,0.000306285673535,-4.32567248309e-05
0.000284200939832,-0.000116101187623,-0.000503965105911,-6.91460590032e-05,1.153841323e-05,0.000620954081204,0.0019427896423,3.47955438934e-05,0.000136912425864,0.000321403707533,4.93239606843e-05,3.8558975497e-07
0.00162980616362,-4.01346536003e-06,-0.000584343396324,0.000645483355742,0.000273138612533,0.000648132440695,3.47955438934e-05,0.00401988824388,5.13067662396e-05,0.00117210881297,0.000626331454598,-9.37988776845e-05
-0.00472040088592,0.000257425188264,-0.000145315954603,0.000337094339719,-0.000300358295407,-0.000331624043424,0.000136912425864,5.13067662396e-05,0.0033745108495,-0.000760891845405,-2.45825409852e-05,-0.000533890904616
-3.93511892081e-05,8.49624685295e-05,-0.000499002121001,0.000324147882052,0.000702790030872,0.00118615417037,0.000321403707533,0.00117210881297,-0.000760891845405,0.00533812161745,5.24700962453e-05,-0.000396296492043
-0.000390222831693,-1.95795731202e-05,-0.000306507765658,0.00137015783399,-0.000134022069161,0.000306285673535,4.93239606843e-05,0.000626331454598,-2.45825409852e-05,5.24700962453e-05,0.00834613111408,-0.000848467421502
0.00275523527099,-0.000252996691126,-0.000169231630438,-0.00030130780309,-0.000650710824515,-4.32567248309e-05,3.8558975497e-07,-9.37988776845e-05,-0.000533890904616,-0.000396296492043,-0.000848467421502,0.0023449087009
