The first line is mean vector, the rest are inversed covariance matrix.
46.6418178368,26.5162466793,23.6092979127,0.868125237192,-24.5490227704,-1.55378747628,2.18730740038,3.49963377609,3.86074003795,5.43064895636,-3.89218026565,2.19531688805
0.0399135418262,-0.00178262435042,-0.00182404026848,-0.000869522563743,0.000882288643605,0.000952370673266,2.28334180008e-05,0.000807879185912,-0.00442097663548,-0.000581062908002,-0.000492305264775,0.0029641941705
-0.00178262435042,0.000618408326619,0.000122837352492,4.03553128474e-05,-0.000380295748657,2.19997287924e-05,0.000178869186028,8.93920378415e-05,0.000318012849955,2.90681513112e-05,0.000104034701572,0.000535125752459
-0.00182404026848,0.000122837352492,0.000814040307321,0.000226326517424,-0.000266795898726,-2.12164517176e-05,0.000152603199632,5.79524551228e-05,-4.78837985991e-05,-2.61308179179e-05,-2.06584956186e-05,0.000354960558222
-0.000869522563743,4.03553128474e-05,0.000226326517424,0.00059604855666,-0.000117310971902,0.000100543640929,0.000330624827677,-0.000155764333608,-0.000163532573766,0.000169076879829,0.00047198609049,0.000215452725879
0.000882288643605,-0.000380295748657,-0.000266795898726,-0.000117310971902,0.00174345087877,-3.83501826874e-05,-0.000662722244325,-0.000201788660871,-0.00042739474885,-0.000224224309017,0.000153266622904,-0.000281490326197
0.000952370673266,2.19997287924e-05,-2.12164517176e-05,0.000100543640929,-3.83501826874e-05,0.000995067791431,-0.00025954753328,-6.70819136281e-05,5.27729983641e-05,-0.000366123767791,0.000139353311393,0.000480787221171
2.28334180008e-05,0.000178869186028,0.000152603199632,0.000330624827677,-0.000662722244325,-0.00025954753328,0.00290617990688,0.000572014321497,-0.000262830925655,-0.000275906182741,-1.16217576241e-05,0.000426085054539
0.000807879185912,8.93920378415e-05,5.79524551228e-05,-0.000155764333608,-0.000201788660871,-6.70819136281e-05,0.000572014321497,0.00158664822063,-0.000282559547616,0.00014919072547,-6.42552969769e-05,0.000134696023529
-0.00442097663548,0.000318012849955,-4.78837985991e-05,-0.000163532573766,-0.00042739474885,5.27729983641e-05,-0.000262830925655,-0.000282559547616,0.00353311426089,0.000583462401173,-0.000192328776922,-0.000294621064128
-0.000581062908002,2.90681513112e-05,-2.61308179179e-05,0.000169076879829,-0.000224224309017,-0.000366123767791,-0.000275906182741,0.00014919072547,0.000583462401173,0.003010641763,7.19877520133e-05,-0.000320234202591
-0.000492305264775,0.000104034701572,-2.06584956186e-05,0.00047198609049,0.000153266622904,0.000139353311393,-1.16217576241e-05,-6.42552969769e-05,-0.000192328776922,7.19877520133e-05,0.00265713108915,0.000421049275478
0.0029641941705,0.000535125752459,0.000354960558222,0.000215452725879,-0.000281490326197,0.000480787221171,0.000426085054539,0.000134696023529,-0.000294621064128,-0.000320234202591,0.000421049275478,0.00445386553521
