The first line is mean vector, the rest are inversed covariance matrix.
41.7175342714,24.9418070813,-86.3243758511,27.1367998184,-10.6778266001,-8.62001497957,11.141531094,-23.8806908761,27.9345551521,3.25118565592,-1.27749205629,-10.0833749433
0.0805536225894,-0.000366007558789,-0.00360461972539,-0.000804002691898,-0.00217998576779,0.00124341844302,-0.00155855039806,-0.000248105325953,-0.00561749750219,0.00149067510996,-0.0032770160666,-0.00680482329803
-0.000366007558789,0.000434949367595,-4.89404004701e-05,-0.000127893758031,6.15694804307e-05,-0.000188768897778,-3.49874269439e-05,9.53880629901e-05,0.000282104391699,0.000203303640632,5.94255560274e-05,-0.000264542775399
-0.00360461972539,-4.89404004701e-05,0.000961718719095,8.85159965933e-05,-0.000265423937294,5.67256598768e-06,-0.000208582191963,-0.000213864005476,0.00117874142064,-0.000388691356636,5.84230433015e-05,0.00129302568074
-0.000804002691898,-0.000127893758031,8.85159965933e-05,0.0011504836594,-6.1703771723e-05,-0.000100991311597,7.96373180398e-05,-0.000112995465685,-0.000315707721113,-0.000885614211038,0.000325017225855,-0.000529813064088
-0.00217998576779,6.15694804307e-05,-0.000265423937294,-6.1703771723e-05,0.00128352866342,-0.000197450741327,0.000569076076403,0.000347694900101,-0.00091910940992,0.000480608717886,0.000306235527563,4.36216049737e-05
0.00124341844302,-0.000188768897778,5.67256598768e-06,-0.000100991311597,-0.000197450741327,0.00147542041539,-0.000460924527628,-0.000169685981801,-0.000638004050656,0.000880318601875,-0.000794418385218,-0.000136818389109
-0.00155855039806,-3.49874269439e-05,-0.000208582191963,7.96373180398e-05,0.000569076076403,-0.000460924527628,0.00307321904689,-5.52832996566e-05,-0.000231305534127,0.00045553258395,0.000504854576264,5.39802858358e-05
-0.000248105325953,9.53880629901e-05,-0.000213864005476,-0.000112995465685,0.000347694900101,-0.000169685981801,-5.52832996566e-05,0.00201910829527,-0.0002438640187,0.000741898401119,-0.000381486039363,-0.00119203123995
-0.00561749750219,0.000282104391699,0.00117874142064,-0.000315707721113,-0.00091910940992,-0.000638004050656,-0.000231305534127,-0.0002438640187,0.00998968948482,0.00130011014182,0.000583542011124,0.00667069569237
0.00149067510996,0.000203303640632,-0.000388691356636,-0.000885614211038,0.000480608717886,0.000880318601875,0.00045553258395,0.000741898401119,0.00130011014182,0.00429786203982,-0.000185438738052,0.000928460635943
-0.0032770160666,5.94255560274e-05,5.84230433015e-05,0.000325017225855,0.000306235527563,-0.000794418385218,0.000504854576264,-0.000381486039363,0.000583542011124,-0.000185438738052,0.00290744497523,0.000682583788253
-0.00680482329803,-0.000264542775399,0.00129302568074,-0.000529813064088,4.36216049737e-05,-0.000136818389109,5.39802858358e-05,-0.00119203123995,0.00667069569237,0.000928460635943,0.000682583788253,0.00930084657019
