The first line is mean vector, the rest are inversed covariance matrix.
43.2269343991,-6.15508324146,-36.8420325248,14.4097425579,-16.1730496141,-19.5946323043,7.58664939361,2.67757442117,10.6831405733,17.2102601985,4.80071940463,-10.6195942668
0.300812833772,-0.00868010303256,-0.00896919828125,-0.00413443625241,0.00159921649998,-0.00217672235599,-0.00113574535758,-0.00591211065601,0.016139947801,-0.0009106319258,-0.00998905128366,-0.0186645350346
-0.00868010303256,0.000759355406918,0.000209683706831,0.000180250717707,-0.000369305719003,7.4964955254e-05,0.000170855992099,0.000364414108801,5.4439993597e-05,0.000609897359738,9.27936941169e-05,0.000991770553679
-0.00896919828125,0.000209683706831,0.00170383778667,0.000650510387327,0.00013771378308,-6.41280640971e-06,-4.36172109189e-05,-0.000135152855587,0.000573679910027,4.90515410895e-05,0.000326340579057,0.000933995351196
-0.00413443625241,0.000180250717707,0.000650510387327,0.00132768348138,0.000430700090496,0.000152710123958,0.000156231574764,0.000249199576738,0.000540163512,0.000102196255529,-0.000462495158968,0.000328401544069
0.00159921649998,-0.000369305719003,0.00013771378308,0.000430700090496,0.00215589046812,-5.1424965801e-05,0.000556668176649,0.000172178064884,-0.000509433892023,0.000103093696013,8.59968585228e-05,-0.00097251813586
-0.00217672235599,7.4964955254e-05,-6.41280640971e-06,0.000152710123958,-5.1424965801e-05,0.000894880804769,-0.000662271511286,7.78688296255e-06,0.000141706338388,9.85833001846e-05,-0.000113264580774,0.000529012994335
-0.00113574535758,0.000170855992099,-4.36172109189e-05,0.000156231574764,0.000556668176649,-0.000662271511286,0.00611376843479,0.000554958202336,-0.000872820484747,0.000585406524384,0.00039426933408,0.00222873770459
-0.00591211065601,0.000364414108801,-0.000135152855587,0.000249199576738,0.000172178064884,7.78688296255e-06,0.000554958202336,0.00251999317096,-0.00135797771666,-0.000274298173244,-0.00087338461667,-0.000389217248244
0.016139947801,5.4439993597e-05,0.000573679910027,0.000540163512,-0.000509433892023,0.000141706338388,-0.000872820484747,-0.00135797771666,0.0135971081826,0.00318090381903,-0.000763567204501,0.00331377373298
-0.0009106319258,0.000609897359738,4.90515410895e-05,0.000102196255529,0.000103093696013,9.85833001846e-05,0.000585406524384,-0.000274298173244,0.00318090381903,0.00433347944639,-0.000517397497334,0.000532161521888
-0.00998905128366,9.27936941169e-05,0.000326340579057,-0.000462495158968,8.59968585228e-05,-0.000113264580774,0.00039426933408,-0.00087338461667,-0.000763567204501,-0.000517397497334,0.00406672639901,0.00159782121353
-0.0186645350346,0.000991770553679,0.000933995351196,0.000328401544069,-0.00097251813586,0.000529012994335,0.00222873770459,-0.000389217248244,0.00331377373298,0.000532161521888,0.00159782121353,0.0130512734493
