The first line is mean vector, the rest are inversed covariance matrix.
42.9211557789,44.1872506281,-37.8373787688,10.9477047739,-5.26223052764,-18.218,27.510843593,-4.12720854271,-0.669278894472,0.314006281407,-0.0493561557789,-3.53659673367
0.071105047078,-0.00320013683346,0.000129622179444,0.000871561222144,0.00437605243157,-0.000976704166145,-0.000336815796847,-0.000820180099543,0.00221845159267,-0.000733634217635,0.00347400295364,-0.00143613230836
-0.00320013683346,0.000507620291193,-0.000110083544615,-0.000117314703883,-0.000722431898377,0.000107137676923,8.05353238601e-05,6.04639294856e-05,-0.000300417233992,0.000354276087726,-4.7223036349e-06,-0.000492520455365
0.000129622179444,-0.000110083544615,0.00139524930317,0.000379653073343,-0.000627223234302,-8.16165048118e-05,0.000570214227572,-0.000805203753235,0.000965193727537,-0.000417076992479,2.8035385594e-06,0.000388421374833
0.000871561222144,-0.000117314703883,0.000379653073343,0.000776147995866,0.00058420593868,-0.000284175719101,0.000575923833085,-0.000174407708816,0.000633405298273,-0.000261588604479,-0.000418919972336,-0.000508632839374
0.00437605243157,-0.000722431898377,-0.000627223234302,0.00058420593868,0.00377373718011,-0.000615887554387,2.64588032841e-05,-0.000213416431397,0.00124261322735,-0.000312939137525,-0.000238128904113,0.0008107370496
-0.000976704166145,0.000107137676923,-8.16165048118e-05,-0.000284175719101,-0.000615887554387,0.00114939046469,-0.000894749717433,-0.000157280763082,-0.000861328253248,0.000959012966183,-3.55435018333e-05,-0.000251925164126
-0.000336815796847,8.05353238601e-05,0.000570214227572,0.000575923833085,2.64588032841e-05,-0.000894749717433,0.00360367023732,-4.27754253207e-05,0.00105829564727,-0.000982853819187,0.000430183485744,0.000896153147382
-0.000820180099543,6.04639294856e-05,-0.000805203753235,-0.000174407708816,-0.000213416431397,-0.000157280763082,-4.27754253207e-05,0.00418272914252,-0.00237978510593,-0.000512993542353,-0.000231719526101,-0.00130142089978
0.00221845159267,-0.000300417233992,0.000965193727537,0.000633405298273,0.00124261322735,-0.000861328253248,0.00105829564727,-0.00237978510593,0.0101163714609,0.00114367865566,0.000269145532417,0.00194685506491
-0.000733634217635,0.000354276087726,-0.000417076992479,-0.000261588604479,-0.000312939137525,0.000959012966183,-0.000982853819187,-0.000512993542353,0.00114367865566,0.00546393471932,-0.000796033325104,-4.18436135514e-05
0.00347400295364,-4.7223036349e-06,2.8035385594e-06,-0.000418919972336,-0.000238128904113,-3.55435018333e-05,0.000430183485744,-0.000231719526101,0.000269145532417,-0.000796033325104,0.00485397544494,0.00129631386632
-0.00143613230836,-0.000492520455365,0.000388421374833,-0.000508632839374,0.0008107370496,-0.000251925164126,0.000896153147382,-0.00130142089978,0.00194685506491,-4.18436135514e-05,0.00129631386632,0.0109720697755
