The first line is mean vector, the rest are inversed covariance matrix.
37.3631525516,108.730029859,-0.0516080347448,28.310155266,41.9349207383,-9.7362019544,9.02599728556,8.81070358306,-10.0530325733,5.70762812161,4.05328393051,18.4342676439
0.0773272990788,0.00325993578586,-0.000396031566096,-0.00122345502809,0.00374661918449,-0.000698017656412,0.000636536860467,0.00352495400655,-0.0029648137345,0.000551612502535,-0.00247602175548,0.00192736637831
0.00325993578586,0.000674902372489,0.000122659672474,-0.000174855680479,6.56255084543e-05,-0.000106414497791,-0.000418747050567,0.000345424731786,-0.000266310476866,0.000321167193631,-0.000195910760754,0.00017781250806
-0.000396031566096,0.000122659672474,0.000701654344667,-0.000159044390736,-0.00030120210441,-0.000414142426978,-0.000440789580975,0.000188444192262,0.000375913609216,0.000502601798465,0.00017599306115,8.49881096077e-05
-0.00122345502809,-0.000174855680479,-0.000159044390736,0.000824952438649,8.31097020121e-05,0.000260889323684,0.000451431761832,-0.000451745940262,-8.39364555021e-06,-0.000317300116707,4.97212555398e-05,-2.73050391067e-05
0.00374661918449,6.56255084543e-05,-0.00030120210441,8.31097020121e-05,0.00150439976675,2.27523889534e-05,0.000300849358313,0.000390278713508,-0.0006806705264,0.000277286591892,-0.000316551413951,-0.000378808829015
-0.000698017656412,-0.000106414497791,-0.000414142426978,0.000260889323684,2.27523889534e-05,0.00191892801341,0.00032678338114,-0.000768720550506,0.000289598429719,-0.00149571876047,-0.000251521955257,0.000594277878504
0.000636536860467,-0.000418747050567,-0.000440789580975,0.000451431761832,0.000300849358313,0.00032678338114,0.00261796951024,6.28483057617e-05,-0.000267495998784,-0.000848991451814,-0.000282427022732,-0.00115391061469
0.00352495400655,0.000345424731786,0.000188444192262,-0.000451745940262,0.000390278713508,-0.000768720550506,6.28483057617e-05,0.00311026340212,-0.000923275323027,0.0011931586259,-0.000445981562502,-0.000457991998022
-0.0029648137345,-0.000266310476866,0.000375913609216,-8.39364555021e-06,-0.0006806705264,0.000289598429719,-0.000267495998784,-0.000923275323027,0.00404008309153,-0.000325135728879,0.00058616426676,-0.000127525066466
0.000551612502535,0.000321167193631,0.000502601798465,-0.000317300116707,0.000277286591892,-0.00149571876047,-0.000848991451814,0.0011931586259,-0.000325135728879,0.00450578707738,-0.000192692636271,-8.05822570708e-05
-0.00247602175548,-0.000195910760754,0.00017599306115,4.97212555398e-05,-0.000316551413951,-0.000251521955257,-0.000282427022732,-0.000445981562502,0.00058616426676,-0.000192692636271,0.0044742236176,1.54596990588e-06
0.00192736637831,0.00017781250806,8.49881096077e-05,-2.73050391067e-05,-0.000378808829015,0.000594277878504,-0.00115391061469,-0.000457991998022,-0.000127525066466,-8.05822570708e-05,1.54596990588e-06,0.00322331214969
