The first line is mean vector, the rest are inversed covariance matrix.
43.1847348407,-9.52489825283,5.12175950668,36.3378088386,-22.8248396711,-27.0868406989,31.7724707091,-14.668352518,-10.5080565262,7.4734614594,10.6655909558,-13.5415683453
0.0509805269941,-0.0016188340596,-0.00197758871198,-6.05246798772e-06,0.00101811188438,0.00166731179006,-0.00038769819425,0.00107174036793,-0.00135764394958,-0.000886097445355,-0.00171959192284,0.000164798969242
-0.0016188340596,0.000356590486024,-4.3923143193e-06,0.000111007331403,-7.2970079193e-05,5.2564377059e-05,0.000127853886021,0.000267121794123,0.000123464128878,0.000232899103018,1.85079516113e-05,-6.90682906756e-05
-0.00197758871198,-4.3923143193e-06,0.000489333231886,0.000139295228234,-0.000217613928506,1.67200541988e-05,-0.000277958569798,-0.000107815529548,0.000317253317225,0.000145811809635,0.000203515852104,0.000174710887641
-6.05246798772e-06,0.000111007331403,0.000139295228234,0.00137047323352,-0.00011352158851,9.75140268468e-05,1.37557713154e-05,0.000628378917051,0.00049815760243,-1.58757626268e-05,-0.000714953224838,0.00030542263397
0.00101811188438,-7.2970079193e-05,-0.000217613928506,-0.00011352158851,0.00092426342225,-9.04269961848e-05,0.000440444409645,3.98947262446e-06,-0.0001097299469,7.89889831975e-05,1.41227347367e-05,9.29253096424e-05
0.00166731179006,5.2564377059e-05,1.67200541988e-05,9.75140268468e-05,-9.04269961848e-05,0.00178857993006,6.43180941612e-05,2.9694897091e-05,7.65891434109e-05,0.00140935337536,-0.000860931327473,0.000422245318349
-0.00038769819425,0.000127853886021,-0.000277958569798,1.37557713154e-05,0.000440444409645,6.43180941612e-05,0.00169865789274,0.000182888189442,-0.000567509261196,0.000544955987181,1.32767582723e-05,-6.86841692171e-05
0.00107174036793,0.000267121794123,-0.000107815529548,0.000628378917051,3.98947262446e-06,2.9694897091e-05,0.000182888189442,0.00190491131473,-0.000291718264512,0.000138706193197,-0.000659172628323,-0.000539141069863
-0.00135764394958,0.000123464128878,0.000317253317225,0.00049815760243,-0.0001097299469,7.65891434109e-05,-0.000567509261196,-0.000291718264512,0.00244926324802,0.00031025544372,0.000238375386165,0.000518143419269
-0.000886097445355,0.000232899103018,0.000145811809635,-1.58757626268e-05,7.89889831975e-05,0.00140935337536,0.000544955987181,0.000138706193197,0.00031025544372,0.00349149107548,-0.000485275332439,0.000305147937719
-0.00171959192284,1.85079516113e-05,0.000203515852104,-0.000714953224838,1.41227347367e-05,-0.000860931327473,1.32767582723e-05,-0.000659172628323,0.000238375386165,-0.000485275332439,0.00370088784567,-0.000238929467068
0.000164798969242,-6.90682906756e-05,0.000174710887641,0.00030542263397,9.29253096424e-05,0.000422245318349,-6.86841692171e-05,-0.000539141069863,0.000518143419269,0.000305147937719,-0.000238929467068,0.00288635336554
