The first line is mean vector, the rest are inversed covariance matrix.
46.4354463519,8.64717918455,29.4816652361,30.3181534335,26.5438508584,-18.6948090129,7.11802038627,-4.89656008584,-8.41506652361,4.85411587983,13.7427006438,4.26332188841
0.152684156445,-0.00343748800526,0.000362445469644,-0.000237102736425,0.00840822900282,-0.000466771893327,-0.0101041587679,-0.000628458958716,0.00350789366433,-0.0113531910623,0.0023642505285,0.00495500120862
-0.00343748800526,0.00213422232691,-0.000308201514343,0.000461797263246,-0.000639584893965,-0.000342430125445,2.84465976776e-05,-0.000543639251071,7.36999315704e-05,-0.000154018708511,0.000516116444414,-0.00034081534371
0.000362445469644,-0.000308201514343,0.00140990780314,0.000320695772586,0.000141249965682,-0.00036217578441,0.00158788214409,0.000953159795652,0.000510326943783,0.000776457923613,-7.48520722405e-06,-0.000460057876121
-0.000237102736425,0.000461797263246,0.000320695772586,0.00221187533171,2.00760937055e-05,-0.000322160038833,0.00112626249331,0.000102069667519,0.000456154268429,-0.000840774752535,-0.000431279940597,-0.00020686185862
0.00840822900282,-0.000639584893965,0.000141249965682,2.00760937055e-05,0.00362107904547,-0.000745488845947,-0.000664215660948,0.00195388586796,0.000388928638588,0.000712476477999,0.000580945170062,-0.000635863625657
-0.000466771893327,-0.000342430125445,-0.00036217578441,-0.000322160038833,-0.000745488845947,0.00284490454258,-0.000534022018056,0.000840281092887,-0.00126377805317,0.00129919591951,-0.00162819794861,0.000965592638189
-0.0101041587679,2.84465976776e-05,0.00158788214409,0.00112626249331,-0.000664215660948,-0.000534022018056,0.00575695665822,0.000305424384667,0.00162098518004,0.00111239695678,-0.000392811147609,0.00157131515237
-0.000628458958716,-0.000543639251071,0.000953159795652,0.000102069667519,0.00195388586796,0.000840281092887,0.000305424384667,0.00663732209122,-0.000909620845734,0.0010300962677,-0.00133431681491,0.000110626204475
0.00350789366433,7.36999315704e-05,0.000510326943783,0.000456154268429,0.000388928638588,-0.00126377805317,0.00162098518004,-0.000909620845734,0.00794611656015,-0.000588741351242,0.00145917087622,0.00114740643388
-0.0113531910623,-0.000154018708511,0.000776457923613,-0.000840774752535,0.000712476477999,0.00129919591951,0.00111239695678,0.0010300962677,-0.000588741351242,0.00988894774697,-0.00247239582401,0.00025093601958
0.0023642505285,0.000516116444414,-7.48520722405e-06,-0.000431279940597,0.000580945170062,-0.00162819794861,-0.000392811147609,-0.00133431681491,0.00145917087622,-0.00247239582401,0.00856543272969,-0.000341666585576
0.00495500120862,-0.00034081534371,-0.000460057876121,-0.00020686185862,-0.000635863625657,0.000965592638189,0.00157131515237,0.000110626204475,0.00114740643388,0.00025093601958,-0.000341666585576,0.0108985371619
