The first line is mean vector, the rest are inversed covariance matrix.
46.7528601315,40.0664225941,-14.6947770472,16.647167364,17.3560974298,-25.7882707711,19.8228164973,-7.44266826061,9.37170651524,7.505279737,1.82212612074,-0.777586969516
0.0559160757483,-0.00198157987811,-0.00149774412898,0.00153786460264,0.00176082874499,0.00132282352359,-0.00113510800812,0.000403693271286,-0.00552587258696,-0.00380878636351,-0.000275423458657,0.00209130593884
-0.00198157987811,0.000801955006993,4.53051444716e-06,0.000204695059429,-4.50737457958e-05,-2.15080657157e-05,0.000365847321318,-0.000321506740517,0.000474728326976,0.000310363238575,-1.87312150325e-05,-1.23481052275e-05
-0.00149774412898,4.53051444716e-06,0.000678843443356,6.16379308223e-05,-0.000366091519042,6.88883873186e-05,-0.000371148296996,-0.000285985412819,0.000467979305134,0.000114542112414,9.73567653128e-05,1.33618665487e-05
0.00153786460264,0.000204695059429,6.16379308223e-05,0.00141735898472,-7.40844765774e-05,3.42533447024e-05,0.000202850379149,0.000669009465683,0.00020488828969,0.00024325437611,0.000488172506961,-0.000287117564367
0.00176082874499,-4.50737457958e-05,-0.000366091519042,-7.40844765774e-05,0.00174926149315,4.00732702131e-05,-0.000197116789758,0.00041987008104,-0.000579084694859,-0.000406847903746,-0.000452873578022,0.000217689798848
0.00132282352359,-2.15080657157e-05,6.88883873186e-05,3.42533447024e-05,4.00732702131e-05,0.00230920215446,-0.000104495650579,0.000476149977997,-0.000344246044958,0.000656619477028,-0.00151903375351,0.000408745868823
-0.00113510800812,0.000365847321318,-0.000371148296996,0.000202850379149,-0.000197116789758,-0.000104495650579,0.00278865446713,-0.000224804846686,-0.000379682870064,1.23530957637e-05,-0.000464300246421,-0.00082199813194
0.000403693271286,-0.000321506740517,-0.000285985412819,0.000669009465683,0.00041987008104,0.000476149977997,-0.000224804846686,0.00307114103077,-0.000311726186501,0.000691274207606,-0.000559295378505,-0.000416822183782
-0.00552587258696,0.000474728326976,0.000467979305134,0.00020488828969,-0.000579084694859,-0.000344246044958,-0.000379682870064,-0.000311726186501,0.00442564444827,0.000339105945934,0.00119976218061,0.000472811001118
-0.00380878636351,0.000310363238575,0.000114542112414,0.00024325437611,-0.000406847903746,0.000656619477028,1.23530957637e-05,0.000691274207606,0.000339105945934,0.00444512732327,-0.000455721898452,0.000438042326557
-0.000275423458657,-1.87312150325e-05,9.73567653128e-05,0.000488172506961,-0.000452873578022,-0.00151903375351,-0.000464300246421,-0.000559295378505,0.00119976218061,-0.000455721898452,0.0057555469359,-0.000121842757237
0.00209130593884,-1.23481052275e-05,1.33618665487e-05,-0.000287117564367,0.000217689798848,0.000408745868823,-0.00082199813194,-0.000416822183782,0.000472811001118,0.000438042326557,-0.000121842757237,0.00446695478989
