The first line is mean vector, the rest are inversed covariance matrix.
44.7601067645,-20.2052379788,-33.9212485738,12.8202286064,4.63985574572,-22.8112359413,10.278991035,-32.016800326,-20.4350289324,-18.8808871231,10.5273512632,6.83517196414
0.115652801992,-5.6429407974e-05,0.000343272494516,0.00483557822983,-0.000830837134696,0.000174767803964,0.0025239269233,0.00027422579302,-0.00517064840575,-0.00347346795291,-0.00274525272333,0.00786802197092
-5.6429407974e-05,0.000736240342092,-2.0709627132e-05,-8.18370101269e-05,-0.000732306072365,1.5333798071e-05,0.000155939997042,-0.000349885033407,-0.000247602359796,-0.000190557205626,-0.000504772147647,-0.00126463147617
0.000343272494516,-2.0709627132e-05,0.00135417189348,-5.29218895767e-05,-0.000368899442433,-0.000570509630652,0.000484326233145,-0.000360665713183,0.000603619750125,-0.000404875981996,0.000941891232302,0.0005327778026
0.00483557822983,-8.18370101269e-05,-5.29218895767e-05,0.00281940372302,0.000735591731355,0.00167263061127,0.000631755268984,0.0008925852084,-0.00157630822447,0.000402306684224,-0.00140106079423,0.000570449535352
-0.000830837134696,-0.000732306072365,-0.000368899442433,0.000735591731355,0.00272789118118,0.000277165950921,0.000163899771483,0.000261145729545,0.000545932543318,0.000498745457938,-7.02114274065e-05,0.00161599785635
0.000174767803964,1.5333798071e-05,-0.000570509630652,0.00167263061127,0.000277165950921,0.00464567163736,-0.000302334724785,0.000744170211762,-0.00237446692149,0.00310484763049,-0.00180071717696,-0.000570309772731
0.0025239269233,0.000155939997042,0.000484326233145,0.000631755268984,0.000163899771483,-0.000302334724785,0.00437803804731,0.00141646546961,1.13927168579e-05,0.000735548753342,-0.000304833447412,0.000397358099844
0.00027422579302,-0.000349885033407,-0.000360665713183,0.0008925852084,0.000261145729545,0.000744170211762,0.00141646546961,0.00405925235295,-0.00220922357632,0.00178112624437,-0.000226555014885,0.000168208602591
-0.00517064840575,-0.000247602359796,0.000603619750125,-0.00157630822447,0.000545932543318,-0.00237446692149,1.13927168579e-05,-0.00220922357632,0.00582351737664,-0.000819475407151,0.00151343163448,0.002213058135
-0.00347346795291,-0.000190557205626,-0.000404875981996,0.000402306684224,0.000498745457938,0.00310484763049,0.000735548753342,0.00178112624437,-0.000819475407151,0.00490113015294,-0.000642551371232,-4.69168372191e-05
-0.00274525272333,-0.000504772147647,0.000941891232302,-0.00140106079423,-7.02114274065e-05,-0.00180071717696,-0.000304833447412,-0.000226555014885,0.00151343163448,-0.000642551371232,0.0055618395748,0.00153260659429
0.00786802197092,-0.00126463147617,0.0005327778026,0.000570449535352,0.00161599785635,-0.000570309772731,0.000397358099844,0.000168208602591,0.002213058135,-4.69168372191e-05,0.00153260659429,0.00828857608642
