The first line is mean vector, the rest are inversed covariance matrix.
42.7587206969,1.28115469905,-14.7044350581,51.2127919747,7.31437170011,-8.75016314678,17.2230997888,-0.688178458289,3.56816684266,19.4398373812,-0.179779303062,-0.14629250264
0.0476731114192,-0.00194836100677,0.000893612916438,0.00139138279818,0.00343250060836,-0.000943977142859,0.000593139793179,0.00139283140312,-0.000448171624011,0.00138819531643,-0.00174720743856,-0.00269363225852
-0.00194836100677,0.000588419624529,0.000216805708307,4.84565502965e-05,-0.000932295382331,0.000110621734426,4.85522515922e-05,6.79064258459e-06,0.000455175545902,0.000455691881467,-0.000112458618552,-0.000475458684168
0.000893612916438,0.000216805708307,0.000831468395708,0.000333714573129,-0.000992808964896,-0.000122916187598,3.48203232987e-06,-0.000170613999788,-0.000218299629572,0.000163223256374,6.04428672192e-05,-0.0012754526629
0.00139138279818,4.84565502965e-05,0.000333714573129,0.000845660516055,-0.000410486304384,-5.81086064923e-05,0.000309004401032,-5.65745054287e-05,-0.000343608578413,0.000248877965376,0.000154898381604,-0.000668002323965
0.00343250060836,-0.000932295382331,-0.000992808964896,-0.000410486304384,0.00354458471396,5.27352926976e-05,-0.000798046542397,0.000251729015498,-0.000217927066293,-0.000686796885983,-0.000104530598554,0.00204975108264
-0.000943977142859,0.000110621734426,-0.000122916187598,-5.81086064923e-05,5.27352926976e-05,0.000899831358151,-0.000552225853878,-0.00013541923101,0.000908516633702,0.000415125679832,-0.000268842546993,-1.96871935219e-05
0.000593139793179,4.85522515922e-05,3.48203232987e-06,0.000309004401032,-0.000798046542397,-0.000552225853878,0.0033845770731,0.000879739749961,-0.00305379729507,-0.000736615302694,0.000366944990762,0.000148269023255
0.00139283140312,6.79064258459e-06,-0.000170613999788,-5.65745054287e-05,0.000251729015498,-0.00013541923101,0.000879739749961,0.00209962774741,-0.00193067031812,0.000166123944379,0.000309385211322,-4.61683050025e-05
-0.000448171624011,0.000455175545902,-0.000218299629572,-0.000343608578413,-0.000217927066293,0.000908516633702,-0.00305379729507,-0.00193067031812,0.00847081977605,0.00224320928803,-0.000922650272627,0.0010592943244
0.00138819531643,0.000455691881467,0.000163223256374,0.000248877965376,-0.000686796885983,0.000415125679832,-0.000736615302694,0.000166123944379,0.00224320928803,0.00527940134438,-0.000836649805499,0.000348114265139
-0.00174720743856,-0.000112458618552,6.04428672192e-05,0.000154898381604,-0.000104530598554,-0.000268842546993,0.000366944990762,0.000309385211322,-0.000922650272627,-0.000836649805499,0.00200205150925,9.03546939388e-05
-0.00269363225852,-0.000475458684168,-0.0012754526629,-0.000668002323965,0.00204975108264,-1.96871935219e-05,0.000148269023255,-4.61683050025e-05,0.0010592943244,0.000348114265139,9.03546939388e-05,0.00642091803139
