The first line is mean vector, the rest are inversed covariance matrix.
44.1476706793,46.3953013758,-18.8256255374,12.6872304385,6.56176655202,-26.2545808255,2.84566122098,-2.15260146174,-11.9892067928,2.92953482373,7.23533705933,6.48371023216
0.0628833220061,0.00288687398679,-0.001698469537,-0.00325427655414,0.00203741888883,-0.000795989883362,-0.00102149498019,0.00370989378286,-0.00343856865638,0.00254696404592,-0.00518616333639,0.000696319213361
0.00288687398679,0.00060763396866,-1.69784890388e-05,-0.000330066114733,-9.08428686471e-05,-9.21758422332e-05,2.14072594265e-06,8.94753376444e-05,2.66896458435e-05,0.000234068338201,0.000138813410285,8.69480357965e-05
-0.001698469537,-1.69784890388e-05,0.000805468798599,0.000179848747712,-0.000608860007543,8.88215430054e-05,-0.000350093734512,0.000142412657221,0.00077720621726,9.75794590291e-05,0.000258600568164,0.000247583238266
-0.00325427655414,-0.000330066114733,0.000179848747712,0.001302222109,-0.000257609602899,-0.000335591337819,2.36547274513e-05,-0.000214151588459,0.000316344267416,-0.000407736926122,3.54539319577e-05,-0.000268751556055
0.00203741888883,-9.08428686471e-05,-0.000608860007543,-0.000257609602899,0.00239693787277,-0.00017862093566,0.00055643258651,0.0006780936196,-0.00176903769576,8.07051524932e-05,-0.000393108008215,-0.000672898467668
-0.000795989883362,-9.21758422332e-05,8.88215430054e-05,-0.000335591337819,-0.00017862093566,0.00212367854896,-6.73084783331e-06,9.6501542582e-05,3.20254507148e-05,0.000839358872414,-0.000777611609698,0.000217961853933
-0.00102149498019,2.14072594265e-06,-0.000350093734512,2.36547274513e-05,0.00055643258651,-6.73084783331e-06,0.00233488145552,-0.000361341346861,-0.000506896988044,-0.000388385713032,-0.000165513185208,-0.00133839898932
0.00370989378286,8.94753376444e-05,0.000142412657221,-0.000214151588459,0.0006780936196,9.6501542582e-05,-0.000361341346861,0.00296680897534,-0.00053290935515,-0.000420746512495,-0.00128081352518,3.17090521217e-05
-0.00343856865638,2.66896458435e-05,0.00077720621726,0.000316344267416,-0.00176903769576,3.20254507148e-05,-0.000506896988044,-0.00053290935515,0.00396232482336,-0.00108012298494,0.00126722569419,0.000574505577727
0.00254696404592,0.000234068338201,9.75794590291e-05,-0.000407736926122,8.07051524932e-05,0.000839358872414,-0.000388385713032,-0.000420746512495,-0.00108012298494,0.00508872072122,-0.000763324953536,0.000752517191444
-0.00518616333639,0.000138813410285,0.000258600568164,3.54539319577e-05,-0.000393108008215,-0.000777611609698,-0.000165513185208,-0.00128081352518,0.00126722569419,-0.000763324953536,0.00844239290869,-0.000479185418013
0.000696319213361,8.69480357965e-05,0.000247583238266,-0.000268751556055,-0.000672898467668,0.000217961853933,-0.00133839898932,3.17090521217e-05,0.000574505577727,0.000752517191444,-0.000479185418013,0.00363159394027
