The first line is mean vector, the rest are inversed covariance matrix.
42.0453640351,-73.1028991228,-20.5180336257,11.3127404971,5.42266374269,-16.2279027778,18.8008011696,-5.91347076023,16.945879386,0.431740497076,3.77947002924,5.74276023392
0.0361842799018,-0.00118285114187,-0.000752585936314,0.00105812961341,0.00105057532137,0.00095967696141,-0.00122374010843,0.000774223972122,-0.000897514009241,0.00300473407223,-0.0027332184483,-0.00106354270693
-0.00118285114187,0.000225218103081,6.79040874049e-05,-0.000179582744494,-5.35284738241e-05,-0.000120534578561,-3.82266144391e-05,-3.91296418675e-05,0.000169081813864,0.000145648799398,-4.70556650052e-05,4.96340410311e-05
-0.000752585936314,6.79040874049e-05,0.000454547445099,-3.66582417904e-05,-0.000166046272693,6.51385482101e-05,8.09118002668e-05,4.81170655123e-05,0.000218475402689,0.000138924763305,-0.000172090317053,0.000179341927769
0.00105812961341,-0.000179582744494,-3.66582417904e-05,0.000870816623492,-0.000262846017179,7.03204698785e-05,0.000214222922098,-3.08708626769e-05,-0.000162895294697,-0.000668223597617,-0.000156460667798,-0.00044903869896
0.00105057532137,-5.35284738241e-05,-0.000166046272693,-0.000262846017179,0.00195807619255,-0.000276083620603,-0.000538081049331,0.000450200007318,-0.000261928684408,0.000108535578047,0.000793576655923,0.000720000547519
0.00095967696141,-0.000120534578561,6.51385482101e-05,7.03204698785e-05,-0.000276083620603,0.00125584559435,0.000257273797381,-9.78335354903e-05,-0.000232437020166,0.000472663781321,-1.21665869714e-05,-0.000134846067802
-0.00122374010843,-3.82266144391e-05,8.09118002668e-05,0.000214222922098,-0.000538081049331,0.000257273797381,0.00212272658075,-0.000758454486421,-0.0010006279502,-0.000625823482075,0.000137648333433,-0.000411415783599
0.000774223972122,-3.91296418675e-05,4.81170655123e-05,-3.08708626769e-05,0.000450200007318,-9.78335354903e-05,-0.000758454486421,0.00179044670001,0.000215389539698,-9.97479735746e-05,0.000663947860335,0.000277674579164
-0.000897514009241,0.000169081813864,0.000218475402689,-0.000162895294697,-0.000261928684408,-0.000232437020166,-0.0010006279502,0.000215389539698,0.00323002090011,0.000466463105374,0.000119422718224,0.000593031118492
0.00300473407223,0.000145648799398,0.000138924763305,-0.000668223597617,0.000108535578047,0.000472663781321,-0.000625823482075,-9.97479735746e-05,0.000466463105374,0.00459128992311,-0.000943911369857,0.000640358701465
-0.0027332184483,-4.70556650052e-05,-0.000172090317053,-0.000156460667798,0.000793576655923,-1.21665869714e-05,0.000137648333433,0.000663947860335,0.000119422718224,-0.000943911369857,0.0052193749613,-0.0005458125085
-0.00106354270693,4.96340410311e-05,0.000179341927769,-0.00044903869896,0.000720000547519,-0.000134846067802,-0.000411415783599,0.000277674579164,0.000593031118492,0.000640358701465,-0.0005458125085,0.0026311961934
