The first line is mean vector, the rest are inversed covariance matrix.
47.2267351086,43.0079607568,12.5437372109,7.07338822705,7.64018149965,-32.9404512964,31.1876846531,-1.97002803083,4.52628871759,8.25625858444,0.245517869657,-5.62682761037
0.101333209109,-0.00591584834191,-0.0027293089726,-0.000547607048679,0.00682655536059,0.00152877681283,-0.00207985769263,0.00162872505361,0.000209741385709,-9.46751407548e-05,-0.00108806059157,0.00208983144488
-0.00591584834191,0.000637738813085,0.000201813451002,2.17832301791e-05,-0.000442861503799,-0.000124828715886,0.000216604530691,-1.77131534782e-05,3.39675970545e-05,5.72849458963e-05,-1.74409597849e-06,-0.000111141403633
-0.0027293089726,0.000201813451002,0.000585021018464,0.000132354455737,1.87233205567e-05,-0.000206217507423,0.000310202000592,-8.5808567406e-05,0.000187328799782,0.000327694414111,0.000169541609181,-0.000147986533153
-0.000547607048679,2.17832301791e-05,0.000132354455737,0.0015711712204,0.000213706316139,0.000536985061731,0.000247430200911,0.000202477755706,-1.36356837048e-05,-0.000201280013695,-0.00054731875566,-0.000408562764048
0.00682655536059,-0.000442861503799,1.87233205567e-05,0.000213706316139,0.00191873788857,-2.45150225345e-05,0.000443804777457,0.000249510667018,7.67734611175e-05,0.000220681513243,-9.84616585194e-05,-0.000377410246551
0.00152877681283,-0.000124828715886,-0.000206217507423,0.000536985061731,-2.45150225345e-05,0.00257830282191,0.000104931349772,0.000217894396553,-0.000628729285723,0.000933108592878,-0.000522081483447,0.000192145817709
-0.00207985769263,0.000216604530691,0.000310202000592,0.000247430200911,0.000443804777457,0.000104931349772,0.00200145022319,0.000189251473753,-0.000585885108791,0.000143395156276,-0.000172963968119,-0.00047726091373
0.00162872505361,-1.77131534782e-05,-8.5808567406e-05,0.000202477755706,0.000249510667018,0.000217894396553,0.000189251473753,0.0028200551186,-0.000408357967747,0.000487537616184,-0.000896552235629,-0.000360790919352
0.000209741385709,3.39675970545e-05,0.000187328799782,-1.36356837048e-05,7.67734611175e-05,-0.000628729285723,-0.000585885108791,-0.000408357967747,0.0048463290079,-0.000278173701723,0.000273255232836,0.000325692553952
-9.46751407548e-05,5.72849458963e-05,0.000327694414111,-0.000201280013695,0.000220681513243,0.000933108592878,0.000143395156276,0.000487537616184,-0.000278173701723,0.00491718588606,-0.000201943209382,-0.000301838664337
-0.00108806059157,-1.74409597849e-06,0.000169541609181,-0.00054731875566,-9.84616585194e-05,-0.000522081483447,-0.000172963968119,-0.000896552235629,0.000273255232836,-0.000201943209382,0.00579431335041,0.000132374670209
0.00208983144488,-0.000111141403633,-0.000147986533153,-0.000408562764048,-0.000377410246551,0.000192145817709,-0.00047726091373,-0.000360790919352,0.000325692553952,-0.000301838664337,0.000132374670209,0.00523624252639
