The first line is mean vector, the rest are inversed covariance matrix.
49.2261104458,19.5083093812,-24.8427631404,9.63432401863,3.37390552229,-35.676845642,1.34703393214,11.5777411843,-11.956257485,4.56645974717,7.16412441783,-6.90302994012
0.135757016134,-0.00504924151902,-0.00647811792553,-0.00299606795362,-0.00474884720658,0.00255525277025,0.00265886801408,0.00147522317189,0.00260796763184,0.00240767453872,-0.00745425395319,-0.00623553951225
-0.00504924151902,0.000341385514092,0.000209496254579,0.000110177047798,0.000159298005379,-0.000161392263099,-0.000188502658992,-0.000135894832439,2.25267404299e-05,1.47537893234e-06,0.000489572661609,0.000334567279158
-0.00647811792553,0.000209496254579,0.00099503011768,0.000180844196561,6.49455978738e-05,-3.39403055889e-05,-0.000662340519606,0.000143694045793,0.000352168570701,0.000246526922964,0.000163923408859,-0.00047995800178
-0.00299606795362,0.000110177047798,0.000180844196561,0.000765401484965,0.000289611777253,7.23762531014e-05,0.000114646141896,-0.000125107251186,0.000200491657242,-0.000699647113434,-0.000469684441172,9.34941131523e-05
-0.00474884720658,0.000159298005379,6.49455978738e-05,0.000289611777253,0.00178791927888,-0.000200258826363,0.000386747795844,0.000374789166637,-0.000676193280901,-0.000245056843941,0.000379871970032,-0.000256915585947
0.00255525277025,-0.000161392263099,-3.39403055889e-05,7.23762531014e-05,-0.000200258826363,0.00167493992131,-0.000530094250541,0.000488273622239,4.93635555793e-05,-0.000219723404651,-0.000924123034494,0.00015141053044
0.00265886801408,-0.000188502658992,-0.000662340519606,0.000114646141896,0.000386747795844,-0.000530094250541,0.00291693949037,-2.44699051739e-05,-0.000602704344082,-5.91176432484e-05,0.000530536611197,0.000942323283418
0.00147522317189,-0.000135894832439,0.000143694045793,-0.000125107251186,0.000374789166637,0.000488273622239,-2.44699051739e-05,0.00258208907944,0.000246092870686,-0.000356584915298,-0.000480950334177,0.000130774561757
0.00260796763184,2.25267404299e-05,0.000352168570701,0.000200491657242,-0.000676193280901,4.93635555793e-05,-0.000602704344082,0.000246092870686,0.00558731337842,0.000358522525894,0.000105276073147,0.00104111029129
0.00240767453872,1.47537893234e-06,0.000246526922964,-0.000699647113434,-0.000245056843941,-0.000219723404651,-5.91176432484e-05,-0.000356584915298,0.000358522525894,0.00549218334609,-0.000412841603753,0.000281969088232
-0.00745425395319,0.000489572661609,0.000163923408859,-0.000469684441172,0.000379871970032,-0.000924123034494,0.000530536611197,-0.000480950334177,0.000105276073147,-0.000412841603753,0.00669304546768,0.00056979620154
-0.00623553951225,0.000334567279158,-0.00047995800178,9.34941131523e-05,-0.000256915585947,0.00015141053044,0.000942323283418,0.000130774561757,0.00104111029129,0.000281969088232,0.00056979620154,0.00912245715897
