The first line is mean vector, the rest are inversed covariance matrix.
47.1876091549,16.7776379108,17.0745768779,13.8965944836,-7.95788262911,-12.9192529343,2.75379166667,-18.6138943662,16.1956126761,-0.52285915493,2.72079107981,5.0467100939
0.0382121077143,-0.00157496302368,-0.000385425465153,-0.000647786558119,0.000691255986125,0.00258722108838,-0.00032801585574,0.000981290219666,-0.00477959231664,0.00244436887042,-0.00283809144933,-0.00471568723154
-0.00157496302368,0.000420733292518,0.000247855689001,4.71898245097e-05,-0.000100753027904,-0.000324798348212,0.000208110329511,6.96696679323e-05,6.37921494463e-05,-0.000248134354635,2.1518837696e-05,-0.000189597769237
-0.000385425465153,0.000247855689001,0.000776448753085,1.8240218054e-05,-7.2082996417e-05,-0.000375081376702,0.00031994188433,-0.000149866912096,0.000141808729014,-0.00011254082254,-0.00022059116985,-0.000318567952581
-0.000647786558119,4.71898245097e-05,1.8240218054e-05,0.00100819601315,0.000190966448769,-8.38196349937e-05,0.000191589512062,0.00055896399678,0.000576891490113,0.000185636958585,0.000443510792707,-0.000653394517448
0.000691255986125,-0.000100753027904,-7.2082996417e-05,0.000190966448769,0.00142353200166,0.000141948110276,-8.79574562004e-05,0.00011544014608,0.000380234946223,0.000589017887314,0.000107974061979,-0.000434762209811
0.00258722108838,-0.000324798348212,-0.000375081376702,-8.38196349937e-05,0.000141948110276,0.00229982984647,-0.000180451637325,-0.000195333128281,-0.000819693285792,0.00183062945513,4.85008130617e-05,-6.14262454597e-05
-0.00032801585574,0.000208110329511,0.00031994188433,0.000191589512062,-8.79574562004e-05,-0.000180451637325,0.00240723683893,0.000169309713885,-0.000319622393723,0.000149541169431,-0.000628532766486,-0.00118284659927
0.000981290219666,6.96696679323e-05,-0.000149866912096,0.00055896399678,0.00011544014608,-0.000195333128281,0.000169309713885,0.00195761227182,0.000247238333536,0.000497067417604,-5.40554481275e-06,-0.000483708945234
-0.00477959231664,6.37921494463e-05,0.000141808729014,0.000576891490113,0.000380234946223,-0.000819693285792,-0.000319622393723,0.000247238333536,0.00440871355811,-0.000211063766596,0.000336290037251,-0.000146599709913
0.00244436887042,-0.000248134354635,-0.00011254082254,0.000185636958585,0.000589017887314,0.00183062945513,0.000149541169431,0.000497067417604,-0.000211063766596,0.00511209079247,4.84402805927e-05,-0.000522701222865
-0.00283809144933,2.1518837696e-05,-0.00022059116985,0.000443510792707,0.000107974061979,4.85008130617e-05,-0.000628532766486,-5.40554481275e-06,0.000336290037251,4.84402805927e-05,0.00398490791996,0.000924196826813
-0.00471568723154,-0.000189597769237,-0.000318567952581,-0.000653394517448,-0.000434762209811,-6.14262454597e-05,-0.00118284659927,-0.000483708945234,-0.000146599709913,-0.000522701222865,0.000924196826813,0.00638594285933
