The first line is mean vector, the rest are inversed covariance matrix.
37.5811442673,47.1927209567,-31.9602877752,24.1648264996,20.4025596052,-16.2203648443,-8.56953910402,1.42555580866,-10.5163709188,1.66165110099,13.4533264996,8.84473955961
0.0458908636981,-0.000768217420639,9.47146517742e-05,-0.000112256615719,0.00270164093969,0.000422276916181,0.000934003877685,-0.00081709099185,-0.00652554766779,-0.00204771535147,-0.00309539982555,0.000978953229145
-0.000768217420639,0.000339183978771,-0.000244691802436,0.000145658895176,-9.4268696454e-05,-8.42735694129e-05,-0.000263910734622,-0.000306010818379,1.85201614169e-05,8.4828538647e-06,0.000190473034987,-0.000259501030719
9.47146517742e-05,-0.000244691802436,0.000880325234848,-0.000279399273151,-0.00027779060862,1.56762445427e-05,-5.32834224796e-05,0.000531230315713,-1.3493429385e-05,0.000108332579345,-0.000127834114084,-0.000564634701936
-0.000112256615719,0.000145658895176,-0.000279399273151,0.00151723664075,7.65139494639e-07,-0.000182392010527,0.000621650882955,-9.88953106171e-05,0.000582193817561,-8.63797881288e-05,0.000175048611503,5.39973942894e-05
0.00270164093969,-9.4268696454e-05,-0.00027779060862,7.65139494639e-07,0.00244806721605,-0.000314142197844,0.00167565866782,0.000168402427477,0.000123650840243,0.000472850915233,-0.00058384214225,0.000221332463124
0.000422276916181,-8.42735694129e-05,1.56762445427e-05,-0.000182392010527,-0.000314142197844,0.00213139479551,-0.000805944039209,-4.79929033877e-05,0.0002249408641,7.64494100829e-05,-0.00216522653049,0.000364298336488
0.000934003877685,-0.000263910734622,-5.32834224796e-05,0.000621650882955,0.00167565866782,-0.000805944039209,0.00419004670004,0.00102325703217,-0.00140058641809,-0.000447359794212,0.000988514178492,0.00196677706941
-0.00081709099185,-0.000306010818379,0.000531230315713,-9.88953106171e-05,0.000168402427477,-4.79929033877e-05,0.00102325703217,0.0030285318232,-0.000307249268371,-0.000410114505762,-0.000917858727357,0.000510082619504
-0.00652554766779,1.85201614169e-05,-1.3493429385e-05,0.000582193817561,0.000123650840243,0.0002249408641,-0.00140058641809,-0.000307249268371,0.00922043864262,0.000817362550764,-0.00109114409625,0.000163021474911
-0.00204771535147,8.4828538647e-06,0.000108332579345,-8.63797881288e-05,0.000472850915233,7.64494100829e-05,-0.000447359794212,-0.000410114505762,0.000817362550764,0.00384443213811,0.000314787997721,-0.0008264541514
-0.00309539982555,0.000190473034987,-0.000127834114084,0.000175048611503,-0.00058384214225,-0.00216522653049,0.000988514178492,-0.000917858727357,-0.00109114409625,0.000314787997721,0.00727468701755,-0.000592219281877
0.000978953229145,-0.000259501030719,-0.000564634701936,5.39973942894e-05,0.000221332463124,0.000364298336488,0.00196677706941,0.000510082619504,0.000163021474911,-0.0008264541514,-0.000592219281877,0.00877262603992
