The first line is mean vector, the rest are inversed covariance matrix.
41.3414060606,40.3098675325,-32.5048770563,-4.25446060606,-23.3306969697,-25.8201593074,22.6330857143,-6.88878008658,15.5793021645,7.51801904762,-1.28777575758,-4.22533593074
0.540184326283,-0.0100940606317,0.00328235273481,-0.0141463365975,-0.0172988931093,0.000719005346149,0.00604836071719,-0.00789430924516,-0.0174175334502,-0.00458693035164,-0.00370392032551,-0.0157412665807
-0.0100940606317,0.00130385916785,-0.000287497083362,0.000333504422832,-0.000596341277644,8.98110945454e-05,-0.000437632992854,-0.000216522649865,0.000618022581485,-0.000275096779271,0.000411165469668,0.000381093830352
0.00328235273481,-0.000287497083362,0.00152905150849,0.000163501928554,0.000567117745234,-0.000469097893709,-9.87500096535e-05,0.000505656746987,-0.00148890193968,-0.000301977305614,0.000198400920546,-0.000519452965379
-0.0141463365975,0.000333504422832,0.000163501928554,0.00208632139212,0.000994381833403,0.000212269073603,-0.000153155611286,0.000823107002347,0.000492744996061,6.99708011732e-05,-0.000602712358309,-0.000288637117005
-0.0172988931093,-0.000596341277644,0.000567117745234,0.000994381833403,0.00345409808706,0.000196900431571,-0.000714285568037,0.000947075010532,-0.000195388564618,0.000474184931697,1.88991819065e-07,2.84175121762e-05
0.000719005346149,8.98110945454e-05,-0.000469097893709,0.000212269073603,0.000196900431571,0.00325871678446,7.40973263914e-05,-0.000130069830156,-7.63258161098e-05,0.00201290920735,-0.00014690147754,0.000550539186858
0.00604836071719,-0.000437632992854,-9.87500096535e-05,-0.000153155611286,-0.000714285568037,7.40973263914e-05,0.00322849463335,-1.33632172133e-05,-0.000461328669978,0.000626957878782,0.000174535892913,-0.000440667406158
-0.00789430924516,-0.000216522649865,0.000505656746987,0.000823107002347,0.000947075010532,-0.000130069830156,-1.33632172133e-05,0.00279659846033,-0.00103093817453,0.000124112218739,-0.00165055847146,-0.000846544157459
-0.0174175334502,0.000618022581485,-0.00148890193968,0.000492744996061,-0.000195388564618,-7.63258161098e-05,-0.000461328669978,-0.00103093817453,0.00678833679045,-0.000666275079036,0.000839508417509,0.00175420396051
-0.00458693035164,-0.000275096779271,-0.000301977305614,6.99708011732e-05,0.000474184931697,0.00201290920735,0.000626957878782,0.000124112218739,-0.000666275079036,0.00577656234653,0.000672042639765,0.000300139824963
-0.00370392032551,0.000411165469668,0.000198400920546,-0.000602712358309,1.88991819065e-07,-0.00014690147754,0.000174535892913,-0.00165055847146,0.000839508417509,0.000672042639765,0.00547461118581,0.000430870354498
-0.0157412665807,0.000381093830352,-0.000519452965379,-0.000288637117005,2.84175121762e-05,0.000550539186858,-0.000440667406158,-0.000846544157459,0.00175420396051,0.000300139824963,0.000430870354498,0.00549425841805
