The first line is mean vector, the rest are inversed covariance matrix.
48.7789766804,28.568824417,6.82488888889,1.04038683128,11.9176941015,-24.7030041152,11.4904252401,11.3267146776,-3.32265569273,5.45734430727,2.08441152263,-0.0298998628258
0.0710633853095,-0.00207616197881,0.00166031888086,-0.000781658244832,0.00344343282376,-0.00014675815876,-6.13559520186e-05,-0.000920737031451,-0.00243399129413,-0.00609007694389,-0.00156646706935,-0.00175030692842
-0.00207616197881,0.0010462297925,-3.51645123832e-05,-0.000287379322983,-0.000118631190705,-1.96712323669e-05,0.000111896189899,0.000266206408017,0.000127042137179,0.000346926941815,-0.000322484754829,-1.73738320319e-05
0.00166031888086,-3.51645123832e-05,0.000970383453614,-0.000137744885099,-0.000201179157701,-0.000389696090684,-0.00034927835166,0.000171595557703,0.000180875648513,-0.000152092154649,6.48547800552e-06,-0.000287995107292
-0.000781658244832,-0.000287379322983,-0.000137744885099,0.00151709716177,0.000281489817026,0.000517260859212,3.39801950638e-05,-0.000596097319719,-0.000208794956532,-0.000152143805941,0.000320053352151,-0.000175064426951
0.00344343282376,-0.000118631190705,-0.000201179157701,0.000281489817026,0.00252703829018,-0.000456474445482,0.000364603321028,0.000102592302885,0.000647957795112,0.000244529125336,1.75765565014e-05,-0.000758527540025
-0.00014675815876,-1.96712323669e-05,-0.000389696090684,0.000517260859212,-0.000456474445482,0.00213762385519,0.000176151026302,-6.00391495013e-05,-0.000501285966526,-0.000207203467578,-6.56807343764e-05,0.000386941298051
-6.13559520186e-05,0.000111896189899,-0.00034927835166,3.39801950638e-05,0.000364603321028,0.000176151026302,0.00189315201209,-0.000300322821895,-0.000198595123465,-0.000331015215834,6.90964796657e-05,-0.000183524162309
-0.000920737031451,0.000266206408017,0.000171595557703,-0.000596097319719,0.000102592302885,-6.00391495013e-05,-0.000300322821895,0.00457912611895,-0.000152001812932,0.00150348078496,-0.0012150615648,9.171031908e-05
-0.00243399129413,0.000127042137179,0.000180875648513,-0.000208794956532,0.000647957795112,-0.000501285966526,-0.000198595123465,-0.000152001812932,0.00545144819499,-0.000223789862967,-0.000164461779271,-0.000215932318141
-0.00609007694389,0.000346926941815,-0.000152092154649,-0.000152143805941,0.000244529125336,-0.000207203467578,-0.000331015215834,0.00150348078496,-0.000223789862967,0.00798453640063,-0.000762951499795,0.000356432280982
-0.00156646706935,-0.000322484754829,6.48547800552e-06,0.000320053352151,1.75765565014e-05,-6.56807343764e-05,6.90964796657e-05,-0.0012150615648,-0.000164461779271,-0.000762951499795,0.00379286222823,0.000467741802093
-0.00175030692842,-1.73738320319e-05,-0.000287995107292,-0.000175064426951,-0.000758527540025,0.000386941298051,-0.000183524162309,9.171031908e-05,-0.000215932318141,0.000356432280982,0.000467741802093,0.00534625809018
