The first line is mean vector, the rest are inversed covariance matrix.
31.6703536585,-144.320410569,-22.6180020325,-28.0274908537,59.067222561,-45.7472987805,13.2033058943,5.7665254065,12.4982337398,0.864213414634,3.81473272358,7.80341260163
0.0679708777519,-0.000858591233947,-0.00242573299223,0.00232954077585,-0.00150038322778,0.00153461637521,-0.00504890009889,2.50874733431e-05,-0.00872049890012,-0.000413165769647,0.00806720529296,-0.000909033778871
-0.000858591233947,0.000432746055158,-0.00028694555559,-0.000150082612465,3.83333235139e-05,8.06577889251e-05,0.000177208382849,4.00454649637e-05,-4.61703661289e-05,2.60549598816e-05,0.00018988799934,-0.000761329713563
-0.00242573299223,-0.00028694555559,0.00228529582456,-0.00127115843964,-0.000112713158857,-0.00176836925097,-0.00040263316,-6.99019951221e-05,0.000365364929754,-0.00112419074503,-0.0013117097199,0.000706341432345
0.00232954077585,-0.000150082612465,-0.00127115843964,0.00389698257458,0.000532908093099,0.00227964329048,0.000445424035556,-0.00113258645236,-0.000158324871223,0.00150470241019,0.00190489022431,-0.000120340818746
-0.00150038322778,3.83333235139e-05,-0.000112713158857,0.000532908093099,0.00128704407204,0.000959138270424,-0.000102947587457,-3.69351438979e-05,0.000199439575673,0.000937113742572,0.000431106908623,-0.000827921164375
0.00153461637521,8.06577889251e-05,-0.00176836925097,0.00227964329048,0.000959138270424,0.0112253734555,0.000361374068053,0.001618798784,-0.000303451920408,-0.00083248530579,0.00146051920588,-0.000768653558084
-0.00504890009889,0.000177208382849,-0.00040263316,0.000445424035556,-0.000102947587457,0.000361374068053,0.00296588259456,-0.000588795575468,0.00151168639874,0.000574626570724,0.00181065086612,-0.000837579690348
2.50874733431e-05,4.00454649637e-05,-6.99019951221e-05,-0.00113258645236,-3.69351438979e-05,0.001618798784,-0.000588795575468,0.00686815638484,0.000628579181257,0.000814064542724,-0.00283001512806,-0.000236599081311
-0.00872049890012,-4.61703661289e-05,0.000365364929754,-0.000158324871223,0.000199439575673,-0.000303451920408,0.00151168639874,0.000628579181257,0.00295492380649,-0.00128540243837,-0.000375205421915,-0.000631469346183
-0.000413165769647,2.60549598816e-05,-0.00112419074503,0.00150470241019,0.000937113742572,-0.00083248530579,0.000574626570724,0.000814064542724,-0.00128540243837,0.0126178897909,0.00419684750915,-0.000114449470127
0.00806720529296,0.00018988799934,-0.0013117097199,0.00190489022431,0.000431106908623,0.00146051920588,0.00181065086612,-0.00283001512806,-0.000375205421915,0.00419684750915,0.021404831093,-0.00147533154945
-0.000909033778871,-0.000761329713563,0.000706341432345,-0.000120340818746,-0.000827921164375,-0.000768653558084,-0.000837579690348,-0.000236599081311,-0.000631469346183,-0.000114449470127,-0.00147533154945,0.00524684812598
