The first line is mean vector, the rest are inversed covariance matrix.
44.6552480359,71.5282300786,-15.9972637486,29.9505218855,-1.96684175084,-1.56556228956,19.0992042649,-2.52373400673,10.2222996633,4.05442424242,-0.10389674523,10.3451941639
0.0392038623278,-7.20931851392e-05,-0.000947394683479,0.000544682404663,0.00154047942344,0.00104355744655,-0.000937773485375,0.000717282476828,-0.00224952378556,-0.0021552608221,-0.00043827236792,-0.00169986069771
-7.20931851392e-05,0.000180222422432,-6.53115233563e-06,2.54703885596e-05,-2.87774184729e-05,-5.61425909465e-05,0.000143259633899,5.03901277085e-05,-8.36908769257e-05,-3.5114755174e-05,-1.43273589715e-05,8.22387252851e-05
-0.000947394683479,-6.53115233563e-06,0.000173460291331,3.58506591621e-05,-0.000157961792014,-1.14989274191e-05,2.17975509311e-05,-1.81315516855e-05,-2.51368873773e-05,-2.82441057706e-05,1.3995070788e-05,4.29484472868e-05
0.000544682404663,2.54703885596e-05,3.58506591621e-05,0.000304315734516,-7.69494279861e-05,1.16559351711e-06,9.52875182135e-05,-5.96621857608e-06,3.55092907465e-05,-0.000114093852082,0.00013786587434,3.79141484601e-05
0.00154047942344,-2.87774184729e-05,-0.000157961792014,-7.69494279861e-05,0.000720162017993,1.99720882179e-05,-9.10165305206e-05,5.39100910967e-05,-8.62905237104e-05,5.00974069252e-05,1.53559677591e-05,0.000119682662251
0.00104355744655,-5.61425909465e-05,-1.14989274191e-05,1.16559351711e-06,1.99720882179e-05,0.000437656805647,-0.000189101021672,7.81294389337e-05,1.96270114335e-05,5.22436947995e-05,-8.26513065163e-05,3.34420445198e-05
-0.000937773485375,0.000143259633899,2.17975509311e-05,9.52875182135e-05,-9.10165305206e-05,-0.000189101021672,0.00116489426251,7.63851329302e-05,-2.48142210942e-05,-5.11156745488e-05,5.53704599351e-05,0.000323508862163
0.000717282476828,5.03901277085e-05,-1.81315516855e-05,-5.96621857608e-06,5.39100910967e-05,7.81294389337e-05,7.63851329302e-05,0.000871553912039,-2.41567937815e-05,-0.000122016066077,-0.000170396540374,1.60882857954e-05
-0.00224952378556,-8.36908769257e-05,-2.51368873773e-05,3.55092907465e-05,-8.62905237104e-05,1.96270114335e-05,-2.48142210942e-05,-2.41567937815e-05,0.00207432205109,0.000228808394738,0.000128167472508,0.00063986205901
-0.0021552608221,-3.5114755174e-05,-2.82441057706e-05,-0.000114093852082,5.00974069252e-05,5.22436947995e-05,-5.11156745488e-05,-0.000122016066077,0.000228808394738,0.00140530828509,-0.000108341675484,-0.000184612052457
-0.00043827236792,-1.43273589715e-05,1.3995070788e-05,0.00013786587434,1.53559677591e-05,-8.26513065163e-05,5.53704599351e-05,-0.000170396540374,0.000128167472508,-0.000108341675484,0.00125251150629,0.000258541605684
-0.00169986069771,8.22387252851e-05,4.29484472868e-05,3.79141484601e-05,0.000119682662251,3.34420445198e-05,0.000323508862163,1.60882857954e-05,0.00063986205901,-0.000184612052457,0.000258541605684,0.00296878131215
